Date,Loc,Opp_name,W,Score,Opp_score,FG,FGA,FG_Pct,Threes,ThreesA,Threes_Pct,FT,FTA,FT_Pct,ORB,TRB,AST,STL,BLK,TOV,PF,22,Opp_FG,Opp_FGA,Opp_FG_Pct,Opp_Threes,Opp_ThreesA,Opp_Threes_Pct,Opp_FT,Opp_FTA,Opp_FT_Pct,Opp_ORB,Opp_TRB,Opp_AST,Opp_STL,Opp_BLK,Opp_TOV,Opp_PF,Rest_Days,result,Win,Game_Number,Mean_Score,Home,Away,Neutral,Comb_Loc,SMA_Score_Fin,SMA_Score,EMA_Score_Fin,EMA_Score,Last3Avg_Score_Fin,Last3Avg_Score,Prev_Score_Fin,Prev_Score,SMA_Opp_score_Fin,SMA_Opp_score,EMA_Opp_score_Fin,EMA_Opp_score,Last3Avg_Opp_score_Fin,Last3Avg_Opp_score,Prev_Opp_score_Fin,Prev_Opp_score,SMA_Threes_Fin,SMA_Threes,EMA_Threes_Fin,EMA_Threes,Last3Avg_Threes_Fin,Last3Avg_Threes,Prev_Threes_Fin,Prev_Threes,SMA_Opp_Threes_Fin,SMA_Opp_Threes,EMA_Opp_Threes_Fin,EMA_Opp_Threes,Last3Avg_Opp_Threes_Fin,Last3Avg_Opp_Threes,Prev_Opp_Threes_Fin,Prev_Opp_Threes,SMA_FG_Pct_Fin,SMA_FG_Pct,EMA_FG_Pct_Fin,EMA_FG_Pct,Last3Avg_FG_Pct_Fin,Last3Avg_FG_Pct,Prev_FG_Pct_Fin,Prev_FG_Pct,SMA_Opp_FG_Pct_Fin,SMA_Opp_FG_Pct,EMA_Opp_FG_Pct_Fin,EMA_Opp_FG_Pct,Last3Avg_Opp_FG_Pct_Fin,Last3Avg_Opp_FG_Pct,Prev_Opp_FG_Pct_Fin,Prev_Opp_FG_Pct,SMA_Mean_Score_Fin,SMA_Mean_Score,EMA_Mean_Score_Fin,EMA_Mean_Score,Last3Avg_Mean_Score_Fin,Last3Avg_Mean_Score,Prev_Mean_Score_Fin,Prev_Mean_Score,SMA_Comb_Loc_Fin,SMA_Comb_Loc,EMA_Comb_Loc_Fin,EMA_Comb_Loc,Last3Avg_Comb_Loc_Fin,Last3Avg_Comb_Loc,Prev_Comb_Loc_Fin,Prev_Comb_Loc,SMA_Result,EMA_Result,Last3Avg_Result,Prev_Result,SMA_Pct_Margin,EMA_Pct_Margin,Last3Avg_Pct_Margin,Prev_Pct_Margin,SMA_Result_Fin,SMA_Pct_Margin_Fin,EMA_Result_Fin,EMA_Pct_Margin_Fin,Last3Avg_Result_Fin,Last3Avg_Pct_Margin_Fin,Prev_Result_Fin,Prev_Pct_Margin_Fin,Conference,Avg_Result_NC,Avg_Result_NC2,result2,Mean_Score2,SMA_Score2,EMA_Score2,Last3Avg_Score2,Prev_Score2,SMA_Mean_Score2,EMA_Mean_Score2,Last3Avg_Mean_Score2,Prev_Mean_Score2,SMA_Result2,EMA_Result2,Last3Avg_Result2,Prev_Result2,SMA_Pct_Margin2,EMA_Pct_Margin2,Last3Avg_Pct_Margin2,Prev_Pct_Margin2,Home2,Away2,Neutral2,Date2,Loc2,Opp_name2,Win2,Opp_score2,Score2,Threes2,Opp_Threes2,W2,SMA_Threes2,EMA_Threes2,Last3Avg_Threes2,Prev_Threes2,SMA_Opp_Threes2,EMA_Opp_Threes2,Last3Avg_Opp_Threes2,Prev_Opp_Threes2,Game_Number2,SMA_Comb_Loc2,EMA_Comb_Loc2,Last3Avg_Comb_Loc2,Prev_Comb_Loc2,SMA_Result_Fin2,EMA_Result_Fin2,Last3Avg_Result_Fin2,Prev_Result_Fin2,SMA_Opp_FG_Pct2,EMA_Opp_FG_Pct2,Last3Avg_Opp_FG_Pct2,Prev_Opp_FG_Pct2,Comb_Loc2,Rest_Days2,SMA_FG_Pct2,EMA_FG_Pct2,Last3Avg_FG_Pct2,Prev_FG_Pct2,SMA_Opp_FG_Pct_Fin2,EMA_Opp_FG_Pct_Fin2,Last3Avg_Opp_FG_Pct_Fin2,Prev_Opp_FG_Pct_Fin2,SMA_Pct_Margin_Fin2,EMA_Pct_Margin_Fin2,Last3Avg_Pct_Margin_Fin2,Prev_Pct_Margin_Fin2,Scoring_Pace_Diff,Matchup_Comp,Opp_Matchup_Comp,SOS,SOS_NC,Opp_SOS,Opp_SOS_NC,Prev_SOS,SOS_Fin,SOS_All,SOS_All_Fin,Opp_Prev_SOS
2018-11-06,,Morgan State,W,100.0,77.0,34.0,67.0,0.507,12.0,37.0,0.324,20.0,27.0,0.741,13.0,41.0,21.0,5.0,9.0,14.0,13.0,,33.0,71.0,0.465,5.0,14.0,0.357,6.0,10.0,0.6,7.0,25.0,21.0,10.0,0.0,13.0,24.0,,23.0,1,1,88.5,1,0,0,1,73.72222222222223,,71.98859289770795,,65.33333333333333,,61.0,,67.36111111111111,,67.99442646879335,,72.0,,87.0,,10.555555555555555,,10.470819786523522,,10.0,,11.0,,7.611111111111111,,8.086487549391387,,10.333333333333334,,16.0,,0.44044444444444447,,0.43078695994866917,,0.41666666666666674,,0.345,,0.43861111111111106,,0.4396824238706646,,0.45366666666666644,,0.5369999999999995,,70.54166666666667,,69.99150968325065,,68.66666666666667,,74.0,,0.1111111111111111,,0.04008923603639201,,0.0,,0.0,,,,,,,,,,6.361111111111114,0.09017523134475294,3.994166428914596,0.05706644201547237,-6.666666666666671,-0.09708737864077677,-26.0,-0.35135135135135137,Big East,,,-23.0,88.5,,,,,,,,,,,,,,,,,0,1,0,2018-11-06,@,Villanova,0,100.0,77.0,5.0,12.0,L,,,,,,,,,1,,,,,-5.285714285714292,-4.405008937445615,-9.666666666666671,-10.0,,,,,-1,,,,,,0.46832142857142867,0.4787484013945258,0.5213333333333336,0.533,-0.07132530120481935,-0.0591916644235195,-0.12747252747252755,-0.13157894736842105,,,,,,,,,2.4683924537556945,,2.3798301862289377,
2018-11-10,,Quinnipiac,W,86.0,53.0,32.0,68.0,0.471,12.0,32.0,0.375,10.0,16.0,0.625,19.0,45.0,20.0,5.0,8.0,10.0,18.0,,19.0,56.0,0.339,5.0,21.0,0.238,10.0,16.0,0.625,6.0,24.0,7.0,5.0,4.0,13.0,17.0,4.0,33.0,1,2,69.5,1,0,0,1,73.72222222222223,100.0,71.98859289770795,100.0,65.33333333333333,,61.0,100.0,67.36111111111111,77.0,67.99442646879335,77.0,72.0,,87.0,77.0,10.555555555555555,0.04647563789611142,10.470819786523522,0.04647563789611142,10.0,,11.0,0.04647563789611142,7.611111111111111,-0.11871916729869375,8.086487549391387,-0.11871916729869375,10.333333333333334,,16.0,-0.11871916729869375,0.44044444444444447,0.507,0.43078695994866917,0.507,0.41666666666666674,,0.345,0.507,0.43861111111111106,0.465,0.4396824238706646,0.465,0.45366666666666644,,0.5369999999999995,0.465,70.54166666666667,88.5,69.99150968325065,88.5,68.66666666666667,,74.0,88.5,0.1111111111111111,2.0,0.04008923603639201,2.0,0.0,,0.0,2.0,23.0,23.0,,23.0,0.2598870056497175,0.2598870056497175,,0.2598870056497175,6.361111111111114,0.09017523134475294,3.994166428914596,0.05706644201547237,-6.666666666666671,-0.09708737864077677,-26.0,-0.35135135135135137,Big East,23.0,,-33.0,69.5,,,,,,,,,,,,,,,,,0,1,0,2018-11-10,@,Villanova,0,86.0,53.0,5.0,12.0,L,,,,,,,,,1,,,,,1.2580645161290391,1.9968282713666525,-7.0,-11.0,,,,,-1,,,,,,0.4443870967741935,0.4448846169899255,0.49400000000000005,0.508,0.017146625632007126,0.026444294043351985,-0.08695652173913043,-0.12716763005780346,,,,-20.5,-20.5,,,12.25,2.4683924537556945,-5.285714285714292,2.3798301862289377,
2018-11-14,,Michigan,L,46.0,73.0,14.0,44.0,0.318,3.0,15.0,0.2,15.0,21.0,0.714,7.0,26.0,7.0,1.0,3.0,19.0,20.0,,28.0,55.0,0.509,5.0,17.0,0.294,12.0,19.0,0.632,7.0,27.0,13.0,11.0,6.0,7.0,20.0,4.0,-27.0,0,3,59.5,1,0,0,1,73.72222222222223,93.0,71.98859289770795,92.80555555555554,65.33333333333333,,61.0,86.0,67.36111111111111,65.0,67.99442646879335,64.66666666666666,72.0,,87.0,53.0,10.555555555555555,0.07357241208965981,10.470819786523522,0.07438344992843715,10.0,,11.0,0.10508028905890215,7.611111111111111,-0.08275513133465778,8.086487549391387,-0.08156559921729059,10.333333333333334,,16.0,-0.03050549417936027,0.44044444444444447,0.489,0.43078695994866917,0.4885,0.41666666666666674,,0.345,0.471,0.43861111111111106,0.402,0.4396824238706646,0.40024999999999994,0.45366666666666644,,0.5369999999999995,0.339,70.54166666666667,79.0,69.99150968325065,78.7361111111111,68.66666666666667,,74.0,69.5,0.1111111111111111,3.0,0.04008923603639201,3.0,0.0,,0.0,3.0,28.0,28.138888888888886,,33.0,0.35443037974683544,0.35738225436584936,,0.4748201438848921,6.361111111111114,0.09017523134475294,3.994166428914596,0.05706644201547237,-6.666666666666671,-0.09708737864077677,-26.0,-0.35135135135135137,Big East,28.0,19.0,27.0,59.5,59.5,59.4054054054054,,56.0,50.0,49.9054054054054,,46.5,19.0,19.0,,19.0,0.38,0.38072028161386406,,0.40860215053763443,0,1,0,2018-11-14,@,Villanova,1,46.0,73.0,5.0,3.0,W,-0.08663360580136756,-0.08831963052973021,,-0.15281007638960284,-0.05426510284462932,-0.05265479688649727,,0.010799962220435777,3,3.0,3.0,,3.0,11.270270270270274,8.847043252185067,5.0,-19.0,0.3065,0.30654054054054053,,0.308,-1,4.0,0.3635,0.3634054054054054,,0.36,0.3984054054054054,0.40079661864608346,0.3713333333333331,0.4360000000000004,0.17620959222480462,0.1391209823106937,0.08595988538681949,-0.35514018691588783,14.5,-0.06318555617047965,0.08467216441125822,-28.0,-28.0,-11.666666666666668,-11.666666666666668,20.625,2.4683924537556945,-2.0138248847926263,2.3798301862289377,9.138888888888893
2018-11-17,,Furman,L (1 OT),68.0,76.0,24.0,71.0,0.338,14.0,44.0,0.318,6.0,11.0,0.545,11.0,37.0,14.0,6.0,9.0,12.0,19.0,,26.0,60.0,0.433,8.0,22.0,0.364,16.0,20.0,0.8,6.0,39.0,16.0,7.0,5.0,14.0,18.0,3.0,-8.0,0,4,72.0,1,0,0,1,73.72222222222223,77.33333333333333,71.98859289770795,76.3291334533299,65.33333333333333,77.33333333333333,61.0,46.0,67.36111111111111,67.66666666666667,67.99442646879335,67.60015428130625,72.0,67.66666666666667,87.0,73.0,10.555555555555555,0.0356135689305942,10.470819786523522,0.03359735839576794,10.0,0.0356135689305942,11.0,-0.11787218819084508,7.611111111111111,-0.09184948525659795,8.086487549391387,-0.091631377398852,10.333333333333334,-0.09184948525659795,16.0,-0.10804491004909406,0.44044444444444447,0.432,0.43078695994866917,0.4284808434044742,0.41666666666666674,0.432,0.345,0.31799999999999995,0.43861111111111106,0.4376666666666667,0.4396824238706646,0.4385320133710465,0.45366666666666644,0.4376666666666667,0.5369999999999995,0.5090000000000001,70.54166666666667,72.5,69.99150968325065,71.96464386731807,68.66666666666667,72.5,74.0,59.5,0.1111111111111111,4.0,0.04008923603639201,4.0,0.0,4.0,0.0,4.0,9.666666666666657,8.728979172023656,9.666666666666657,-27.0,0.1333333333333332,0.12129538482976948,0.1333333333333332,-0.453781512605042,6.361111111111114,0.09017523134475294,3.994166428914596,0.05706644201547237,-6.666666666666671,-0.09708737864077677,-26.0,-0.35135135135135137,Big East,9.666666666666666,2.0,8.0,72.0,74.0,74.46666666666667,,88.0,73.0,73.46666666666667,,87.0,2.0,2.000000000000014,,2.0,0.0273972602739726,0.027223230490018343,,0.022988505747126436,0,1,0,2018-11-17,@,Villanova,1,68.0,76.0,8.0,14.0,W (1 OT),-0.029740578320104794,-0.030176107851426603,,-0.04079708937661586,-0.06352436210388857,-0.06099446329984071,,0.00042912626820446054,3,0.0,0.0033333333333333275,,3.0,8.966666666666669,8.86658004660326,0.3333333333333286,-6.0,0.435,0.4371666666666667,,0.5,-1,4.0,0.456,0.4584666666666667,,0.53,0.41986666666666683,0.4194532452316233,0.4743333333333335,0.5,0.12543716484028913,0.12490174667948357,0.004618937644341735,-0.0821917808219178,-0.25,-0.047563949042934414,0.05226525432766172,-8.277777777777779,-8.277777777777779,4.5,4.5,1.4999999999999964,2.4683924537556945,2.4142068335616735,2.3798301862289377,-1.145833333333333
2018-11-22,N,Canisius,W,83.0,56.0,29.0,60.0,0.483,10.0,31.0,0.323,15.0,20.0,0.75,17.0,48.0,12.0,8.0,3.0,14.0,20.0,,18.0,55.0,0.327,6.0,23.0,0.261,14.0,17.0,0.824,6.0,18.0,11.0,9.0,4.0,14.0,18.0,5.0,27.0,1,5,69.5,0,0,1,0,73.72222222222223,75.0,71.98859289770795,74.07020474599501,65.33333333333333,66.66666666666667,61.0,68.0,67.36111111111111,69.75,67.99442646879335,69.87826072988949,72.0,67.33333333333333,87.0,76.0,10.555555555555555,0.09647563789611141,10.470819786523522,0.10095331685736808,10.0,0.12147563789611138,11.0,0.3041226967196409,7.611111111111111,-0.06621253414689932,8.086487549391387,-0.06393496210053248,10.333333333333334,-0.04619762943062122,16.0,0.0022651115803219435,0.44044444444444447,0.40850000000000003,0.43078695994866917,0.40394170307547334,0.41666666666666674,0.37566666666666676,0.345,0.3379999999999999,0.43861111111111106,0.43650000000000005,0.4396824238706646,0.43703168637025613,0.45366666666666644,0.42700000000000005,0.5369999999999995,0.43300000000000016,70.54166666666667,72.375,69.99150968325065,71.97423273794226,68.66666666666667,67.0,74.0,72.0,0.1111111111111111,5.0,0.04008923603639201,5.0,0.0,5.0,0.0,5.0,5.25,4.1919440161055235,-0.6666666666666572,-8.0,0.07253886010362694,0.05824228833905554,-0.009950248756218765,-0.1111111111111111,6.361111111111114,0.09017523134475294,3.994166428914596,0.05706644201547237,-6.666666666666671,-0.09708737864077677,-26.0,-0.35135135135135137,Big East,5.25,-10.666666666666666,-27.0,69.5,69.66666666666667,69.23169541164984,69.66666666666667,61.0,75.0,74.99251545720793,75.0,77.0,-10.666666666666657,-11.521640091116168,-10.666666666666657,-32.0,-0.14222222222222208,-0.15363719993751407,-0.14222222222222208,-0.4155844155844156,0,0,1,2018-11-22,N,Villanova,0,83.0,56.0,6.0,10.0,L,0.030973245551613793,0.03138912750123307,0.030973245551613793,0.0799182608469311,-0.002321042601813872,-0.006252697217023484,-0.002321042601813872,-0.08771791049098535,4,0.4444444444444444,0.44676151810447345,0.4444444444444444,4.0,-3.9375,-2.42404474521193,-1.3333333333333428,-14.0,0.516,0.5166976895541816,0.516,0.5250000000000001,0,3.0,0.4206666666666667,0.42000390497884804,0.4206666666666667,0.42299999999999993,0.46978125,0.4682720234630205,0.42333333333333334,0.47100000000000064,-0.054474708171206226,-0.03375559845632939,-0.020202020202020346,-0.21212121212121213,-1.3125,-0.01496409254161586,-0.04528594791683758,0.12083333333333535,0.12083333333333535,5.472222222222221,5.472222222222221,-2.276666666666667,2.4683924537556945,4.052321791837922,2.3798301862289377,-5.029166666666665
2018-11-23,N,Oklahoma State,W,77.0,58.0,25.0,55.0,0.455,16.0,40.0,0.4,11.0,15.0,0.733,12.0,36.0,18.0,4.0,0.0,11.0,11.0,,22.0,54.0,0.407,8.0,25.0,0.32,6.0,11.0,0.545,6.0,21.0,12.0,5.0,0.0,10.0,17.0,1.0,19.0,1,6,67.5,0,0,1,0,73.72222222222223,76.6,71.98859289770795,76.05995536105458,65.33333333333333,65.66666666666667,61.0,83.0,67.36111111111111,67.0,67.99442646879335,66.78588548076274,72.0,68.33333333333333,87.0,56.0,10.555555555555555,0.08595344468462318,10.470819786523522,0.08805846594131156,10.0,0.09764315058646672,11.0,0.04792142102864155,7.611111111111111,-0.05382286956657517,8.086487549391387,-0.05051282101618443,10.333333333333334,-0.03547558161608366,16.0,0.007904209324682887,0.44044444444444447,0.4234,0.43078695994866917,0.42155759352498706,0.41666666666666674,0.37966666666666676,0.345,0.48299999999999993,0.43861111111111106,0.4146000000000001,0.4396824238706646,0.41251425798542657,0.45366666666666644,0.42300000000000004,0.5369999999999995,0.32700000000000023,70.54166666666667,71.8,69.99150968325065,71.42292042090867,68.66666666666667,67.0,74.0,69.5,0.1111111111111111,3.8400000000000007,0.04008923603639201,3.6240382725689013,0.0,2.6666666666666665,0.0,0.0,9.599999999999994,9.274069880291833,-2.666666666666657,27.0,0.1337047353760445,0.12984725107343692,-0.03980099502487548,0.38848920863309355,6.361111111111114,0.09017523134475294,3.994166428914596,0.05706644201547237,-6.666666666666671,-0.09708737864077677,-26.0,-0.35135135135135137,Big East,9.6,13.0,-19.0,67.5,75.0,75.3729268292683,78.66666666666667,84.0,68.5,68.6581707317073,69.66666666666667,74.0,13.0,13.429512195121951,18.000000000000007,20.0,0.1897810218978102,0.19559962131236938,0.25837320574162687,0.2702702702702703,0,0,1,2018-11-23,N,Villanova,0,77.0,58.0,8.0,16.0,L,0.06647563789611144,0.06269214993867056,0.04240784128594194,-0.027810076389602867,-0.047395329845824063,-0.04937371123448764,-0.0662716148511413,-0.07914936210388857,5,0.3125,0.3698080572506134,2.2222222222222223,0.0,-3.4375,-5.127322509456889,2.6666666666666714,-3.0,0.37749999999999995,0.37630879573170734,0.3583333333333332,0.3640000000000001,0,1.0,0.4855,0.48927908536585357,0.5139999999999999,0.5709999999999998,0.43171875000000004,0.44169091738214633,0.4260000000000001,0.4819999999999998,-0.04926108374384237,-0.07320175925658472,0.03669724770642208,-0.04195804195804196,1.6499999999999986,-0.06382626310706674,-0.059815629962722015,-2.8533333333333317,-2.8533333333333317,-4.024999999999999,-4.024999999999999,0.44385964912280496,2.4683924537556945,2.4543574334703377,2.3798301862289377,1.679791666666667
2018-11-25,N,Florida State,W,66.0,60.0,23.0,43.0,0.535,3.0,14.0,0.214,17.0,24.0,0.708,5.0,22.0,6.0,8.0,2.0,12.0,15.0,,22.0,51.0,0.431,3.0,12.0,0.25,13.0,17.0,0.765,12.0,26.0,7.0,3.0,2.0,16.0,23.0,2.0,6.0,1,7,63.0,0,0,1,0,73.72222222222223,76.66666666666667,71.98859289770795,76.23917166097024,65.33333333333333,76.0,61.0,77.0,67.36111111111111,65.5,67.99442646879335,65.11088641996132,72.0,63.333333333333336,87.0,58.0,10.555555555555555,0.12343215963524184,10.470819786523522,0.13076467074324405,10.0,0.21279142736979562,11.0,0.3098522612727348,7.611111111111111,-0.031081614012285486,8.086487549391387,-0.02490623652338181,10.333333333333334,0.03384405894874298,16.0,0.10026874134438729,0.44044444444444447,0.4286666666666667,0.43078695994866917,0.42793327410484855,0.41666666666666674,0.4253333333333334,0.345,0.45499999999999996,0.43861111111111106,0.4133333333333334,0.4396824238706646,0.411462983533144,0.45366666666666644,0.38900000000000007,0.5369999999999995,0.4070000000000002,70.54166666666667,71.08333333333333,69.99150968325065,70.67502904046577,68.66666666666667,69.66666666666667,74.0,67.5,0.1111111111111111,3.1111111111111107,0.04008923603639201,2.7695931249563532,0.0,0.7777777777777777,0.0,0.0,11.166666666666671,11.128285241008925,12.666666666666664,19.0,0.15709261430246196,0.15745710178112982,0.18181818181818177,0.2814814814814815,6.361111111111114,0.09017523134475294,3.994166428914596,0.05706644201547237,-6.666666666666671,-0.09708737864077677,-26.0,-0.35135135135135137,Big East,11.166666666666666,17.0,-6.0,63.0,82.8,82.7596989758427,84.33333333333333,79.0,74.3,74.4229605937282,75.5,77.5,17.0,16.673476764228994,17.666666666666657,3.0,0.2288021534320323,0.2240367304822607,0.23399558498896234,0.03870967741935484,0,0,1,2018-11-25,N,Villanova,0,66.0,60.0,3.0,3.0,L,-0.030915666451714674,-0.032196356733432574,-0.05265479688649727,0.0282477897948456,0.005624574066324217,0.006314221517672358,0.001475637896111437,0.12068616421190093,6,0.24000000000000005,0.21540092755678797,0.6666666666666666,0.0,7.729729729729726,6.451406860176945,7.0,-14.0,0.41640000000000005,0.4184368140814381,0.4233333333333334,0.5189999999999999,0,2.0,0.4720000000000001,0.4699024126602004,0.466,0.382,0.40964864864864864,0.4032939216646368,0.38833333333333336,0.40299999999999964,0.10882800608828,0.09245243910750794,0.09836065573770492,-0.2153846153846154,-1.6083333333333343,0.02634868733039223,0.0309985291842171,-0.8694444444444471,-0.8694444444444471,-1.6533333333333347,-1.6533333333333347,-0.11923076923076902,2.4683924537556945,1.472381194558615,2.3798301862289377,3.969555555555555
2018-12-01,@,La Salle,W,85.0,78.0,27.0,49.0,0.551,12.0,21.0,0.571,19.0,23.0,0.826,4.0,18.0,17.0,5.0,2.0,10.0,11.0,,29.0,50.0,0.58,12.0,23.0,0.522,8.0,9.0,0.889,4.0,21.0,19.0,2.0,3.0,15.0,20.0,6.0,7.0,1,8,81.5,0,1,0,-1,73.72222222222223,75.14285714285714,71.98859289770795,74.5217020709401,65.33333333333333,75.33333333333333,61.0,66.0,67.36111111111111,64.71428571428571,67.99442646879335,64.2536108223814,72.0,58.0,87.0,60.0,10.555555555555555,0.0857151816223472,10.470819786523522,0.0850210106157252,10.0,0.07143139010850086,11.0,-0.1771607257402522,7.611111111111111,-0.048623699852232916,8.086487549391387,-0.04661814331209657,10.333333333333334,-0.02042091382802652,16.0,-0.16352436210388857,0.44044444444444447,0.4438571428571429,0.43078695994866917,0.4458921336608364,0.41666666666666674,0.4910000000000001,0.345,0.5349999999999999,0.43861111111111106,0.4158571428571429,0.4396824238706646,0.4147400290572117,0.45366666666666644,0.3883333333333334,0.5369999999999995,0.4310000000000002,70.54166666666667,69.92857142857143,69.99150968325065,69.38765644666074,68.66666666666667,66.66666666666667,74.0,63.0,0.1111111111111111,2.6122448979591835,0.04008923603639201,2.1924563953548564,0.0,0.0,0.0,0.0,10.42857142857143,10.26809124855869,17.33333333333333,6.0,0.1491317671092952,0.14798152545261295,0.2599999999999999,0.09523809523809523,6.361111111111114,0.09017523134475294,3.994166428914596,0.05706644201547237,-6.666666666666671,-0.09708737864077677,-26.0,-0.35135135135135137,Big East,10.428571428571429,-13.142857142857142,-7.0,81.5,69.85714285714286,69.71879466034304,64.33333333333333,70.0,76.42857142857143,76.58743530599472,75.16666666666667,76.0,-13.142857142857139,-13.737281291303347,-21.66666666666667,-12.0,-0.17196261682242986,-0.17936729747402955,-0.28824833702882485,-0.15789473684210525,1,0,0,2018-12-01,,Villanova,0,85.0,78.0,12.0,12.0,L,0.005494042804086885,-0.0030693514501061725,-0.09590778179300771,-0.09923864781817429,-0.10698391459958564,-0.10811988595062394,-0.08096622256900485,-0.16718289868925443,8,0.0,0.0022143228999013196,0.0,0.0,-4.903225806451616,-4.479104691939028,-11.666666666666671,-19.0,0.49100000000000005,0.4952077909544246,0.5223333333333332,0.5419999999999998,1,6.0,0.39914285714285713,0.3976469620562031,0.36833333333333346,0.3039999999999999,0.46148387096774196,0.45674927720346,0.4333333333333331,0.45500000000000007,-0.07014305491462855,-0.06581546269451707,-0.18867924528301894,-0.2857142857142857,-3.25,-0.09576087755745122,-0.01634443906291191,2.4387755102040813,2.4387755102040813,6.268707482993193,6.268707482993193,-0.4280730897009964,2.4683924537556945,2.366288128154488,2.3798301862289377,-2.69245221898283
2018-12-05,,Temple,W,69.0,59.0,21.0,52.0,0.404,7.0,21.0,0.333,20.0,25.0,0.8,10.0,34.0,11.0,3.0,1.0,6.0,12.0,,23.0,51.0,0.451,4.0,14.0,0.286,9.0,12.0,0.75,5.0,25.0,7.0,4.0,0.0,9.0,20.0,4.0,10.0,1,9,64.0,1,0,0,1,73.72222222222223,76.375,71.98859289770795,76.09987323590312,65.33333333333333,76.0,61.0,85.0,67.36111111111111,66.375,67.99442646879335,66.3240000372473,72.0,65.33333333333333,87.0,78.0,10.555555555555555,0.08909429583391831,10.470819786523522,0.08922402623362924,10.0,0.09437037473821669,11.0,0.11000504966081731,7.611111111111111,-0.019739051369425276,8.086487549391387,-0.012143320689891157,10.333333333333334,0.03851645422264205,16.0,0.148014099434573,0.44044444444444447,0.45725000000000005,0.43078695994866917,0.461722777625179,0.41666666666666674,0.5136666666666668,0.345,0.5509999999999998,0.43861111111111106,0.43637500000000007,0.4396824238706646,0.43963038077561667,0.45366666666666644,0.47266666666666673,0.5369999999999995,0.5800000000000001,70.54166666666667,71.375,69.99150968325065,71.21193663657522,68.66666666666667,70.66666666666667,74.0,81.5,0.1111111111111111,1.265625,0.04008923603639201,0.7781595716281041,0.0,1.0,0.0,9.0,10.0,9.775873198655816,10.666666666666671,7.0,0.14010507880910683,0.1372785751993553,0.15094339622641514,0.08588957055214724,6.361111111111114,0.09017523134475294,3.994166428914596,0.05706644201547237,-6.666666666666671,-0.09708737864077677,-26.0,-0.35135135135135137,Big East,10.0,7.75,-10.0,64.0,75.375,75.205282438473,77.33333333333333,77.0,71.5,71.43734186828712,73.0,73.5,7.75,7.535881140371771,8.666666666666657,7.0,0.10839160839160839,0.10548938332932489,0.11872146118721448,0.09523809523809523,0,1,0,2018-12-05,@,Villanova,0,69.0,59.0,4.0,7.0,L,-0.034917396929759204,-0.03366834193678209,-0.003179534517681659,-0.0797581283376548,0.030283401297220514,0.03219601471701783,0.06511641459514056,-0.013524362103888576,9,0.5625,0.18286399027837616,4.0,9.0,3.2424242424242493,2.0024907414020277,-4.0,-11.0,0.45200000000000007,0.45278894186363106,0.45333333333333337,0.393,-1,4.0,0.4415,0.4433064162868295,0.4856666666666667,0.397,0.44642424242424245,0.4418387529536495,0.4276666666666667,0.5279999999999999,0.044370723616006726,0.027258609312491966,-0.055299539170506916,-0.1456953642384106,-0.0625,0.051943029503792225,0.026253310109072517,-0.048611111111111605,-0.048611111111111605,-0.8298611111111125,-0.8298611111111125,1.3012711864406776,2.4683924537556945,1.457598886328725,2.3798301862289377,0.6202380952380946
2018-12-08,,St. Joseph's,W,70.0,58.0,23.0,63.0,0.365,13.0,43.0,0.302,11.0,15.0,0.733,6.0,40.0,20.0,5.0,1.0,7.0,19.0,,20.0,58.0,0.345,6.0,27.0,0.222,12.0,18.0,0.667,5.0,38.0,9.0,5.0,0.0,9.0,13.0,3.0,12.0,1,10,64.0,1,0,0,1,73.72222222222223,75.55555555555556,71.98859289770795,75.1246998280032,65.33333333333333,73.33333333333333,61.0,69.0,67.36111111111111,65.55555555555556,67.99442646879335,65.31804262949183,72.0,65.66666666666667,87.0,59.0,10.555555555555555,0.07912269671964084,10.470819786523522,0.07681049971900533,10.0,-0.013524362103888521,11.0,-0.009176536016932024,7.611111111111111,-0.02877859939202415,8.086487549391387,-0.02430062336923794,10.333333333333334,-0.024184260581045947,16.0,-0.11013453159541398,0.44044444444444447,0.45133333333333336,0.43078695994866917,0.45379450680964595,0.41666666666666674,0.49666666666666676,0.345,0.4039999999999998,0.43861111111111106,0.43800000000000006,0.4396824238706646,0.4411920072944535,0.45366666666666644,0.4873333333333334,0.5369999999999995,0.4510000000000002,70.54166666666667,70.55555555555556,69.99150968325065,70.22137122874751,68.66666666666667,69.5,74.0,64.0,0.1111111111111111,1.9753086419753085,0.04008923603639201,1.5288731570282974,0.0,0.0,0.0,10.0,10.0,9.806657198511374,7.666666666666657,10.0,0.14173228346456693,0.13965345630414983,0.11031175059952025,0.15625,6.361111111111114,0.09017523134475294,3.994166428914596,0.05706644201547237,-6.666666666666671,-0.09708737864077677,-26.0,-0.35135135135135137,Big East,10.0,4.222222222222222,-12.0,64.0,81.0,81.38786448796633,83.66666666666667,92.0,78.88888888888889,79.51115921638085,80.83333333333333,87.0,4.2222222222222285,3.7534105431709435,5.666666666666671,10.0,0.05352112676056346,0.04720608503463584,0.07010309278350521,0.11494252873563218,0,1,0,2018-12-08,@,Villanova,0,70.0,58.0,6.0,13.0,L,0.056846008266481785,0.0516901369689029,-0.014719581227394585,0.04517129007002446,0.08155523268627063,0.07973354750787698,0.05827050969098324,0.12550002814001388,10,0.49382716049382713,0.3122124966873512,1.1111111111111112,10.0,-2.0909090909090935,-2.4338240850108974,-5.333333333333329,-10.0,0.45733333333333337,0.4577323557225022,0.4163333333333333,0.45799999999999996,-1,3.0,0.4545555555555555,0.4550538890875159,0.4420000000000001,0.55,0.4385454545454547,0.43698040340283106,0.4469999999999999,0.41300000000000014,-0.029206349206349243,-0.03396613486040426,-0.07174887892376676,-0.15384615384615385,-4.166666666666664,0.08032975751074772,-0.04044686018638249,1.1992945326278663,1.1992945326278663,0.8740740740740749,0.8740740740740749,0.7905573593073589,2.4683924537556945,1.6559128147837834,2.3798301862289377,-0.6122220886109775
2018-12-11,@,Penn,L,75.0,78.0,24.0,48.0,0.5,9.0,26.0,0.346,18.0,27.0,0.667,6.0,21.0,6.0,5.0,1.0,11.0,27.0,,23.0,45.0,0.511,7.0,16.0,0.438,25.0,37.0,0.676,9.0,27.0,15.0,5.0,1.0,13.0,22.0,3.0,-3.0,0,11,76.5,0,1,0,-1,73.72222222222223,75.0,71.98859289770795,74.47494092176504,65.33333333333333,74.66666666666667,61.0,70.0,67.36111111111111,64.8,67.99442646879335,64.39019055340339,72.0,65.0,87.0,58.0,10.555555555555555,0.09447563789611141,10.470819786523522,0.09668922557692794,10.0,0.11504706646753998,11.0,0.2436184950389686,7.611111111111111,-0.026487325066851475,8.086487549391387,-0.021888450682641336,10.333333333333334,0.024937176357649915,16.0,-0.003179534517681659,0.44044444444444447,0.44270000000000004,0.43078695994866917,0.4425362822187487,0.41666666666666674,0.4400000000000001,0.345,0.36499999999999977,0.43861111111111106,0.4287000000000001,0.4396824238706646,0.4289958561936678,0.45366666666666644,0.4586666666666667,0.5369999999999995,0.34500000000000014,70.54166666666667,69.9,69.99150968325065,69.43256573758421,68.66666666666667,69.83333333333333,74.0,64.0,0.1111111111111111,2.75,0.04008923603639201,2.411549740718834,0.0,1.222222222222222,0.0,11.0,10.200000000000003,10.084750368361654,9.666666666666671,12.0,0.14592274678111591,0.1452452499951723,0.1384248210023867,0.1875,6.361111111111114,0.09017523134475294,3.994166428914596,0.05706644201547237,-6.666666666666671,-0.09708737864077677,-26.0,-0.35135135135135137,Big East,10.2,9.11111111111111,3.0,76.5,76.33333333333333,76.30779474039026,82.66666666666667,83.0,71.77777777777777,71.59120723793181,72.66666666666667,74.0,9.1111111111111,9.433175004916876,20.000000000000007,18.0,0.1269349845201237,0.13176443545037486,0.2752293577981652,0.24324324324324326,1,0,0,2018-12-11,,Villanova,1,75.0,78.0,7.0,9.0,W,0.05765467719742151,0.060449666148887526,0.08566918628320819,-0.0605123139111175,-0.09038386623611999,-0.08438711089992709,-0.02629031955069705,-0.08275513133465778,10,0.0,0.01071427215963702,1.1111111111111112,10.0,2.799999999999997,2.2567960339789863,3.3333333333333286,-8.0,0.43944444444444447,0.4342232016901872,0.3736666666666668,0.40000000000000013,1,3.0,0.4854444444444444,0.4854522763272764,0.5233333333333334,0.574,0.43749999999999994,0.43281124877750676,0.3980000000000002,0.4230000000000001,0.04007633587786256,0.03308778360557858,0.05319148936170205,-0.12903225806451613,-0.9388888888888829,-0.09240710696788555,-0.03907835944039224,1.4555555555555557,1.4555555555555557,-4.432198973865639,-4.432198973865639,0.9915053423480403,2.4683924537556945,1.2812306242144955,2.3798301862289377,1.137006774090107
2018-12-15,@,Kansas,L,71.0,74.0,24.0,59.0,0.407,8.0,28.0,0.286,15.0,19.0,0.789,10.0,25.0,8.0,5.0,2.0,9.0,21.0,,23.0,46.0,0.5,5.0,15.0,0.333,23.0,30.0,0.767,8.0,31.0,9.0,4.0,2.0,14.0,19.0,4.0,-3.0,0,12,72.5,0,1,0,-1,73.72222222222223,75.0,71.98859289770795,74.53699913796994,65.33333333333333,71.33333333333333,61.0,75.0,67.36111111111111,66.0,67.99442646879335,65.99877239143869,72.0,65.0,87.0,78.0,10.555555555555555,0.09011200153247506,10.470819786523522,0.0907174740706288,10.0,0.09301769397087783,11.0,0.04647563789611142,7.611111111111111,-0.02840039516173981,8.086487549391387,-0.02501811361327194,10.333333333333334,-0.05198590056542701,16.0,-0.04429359287311935,0.44044444444444447,0.447909090909091,0.43078695994866917,0.44932808140826797,0.41666666666666674,0.42300000000000004,0.345,0.4999999999999998,0.43861111111111106,0.4361818181818183,0.4396824238706646,0.43868815768312674,0.45366666666666644,0.43566666666666665,0.5369999999999995,0.5110000000000001,70.54166666666667,70.5,69.99150968325065,70.26788576470432,68.66666666666667,68.16666666666667,74.0,76.5,0.1111111111111111,1.5867768595041323,0.04008923603639201,1.0420967972494637,0.0,1.3333333333333333,0.0,12.0,9.0,8.538226746531251,6.333333333333329,-3.0,0.1276595744680851,0.12150965769942117,0.09290953545232267,-0.0392156862745098,6.361111111111114,0.09017523134475294,3.994166428914596,0.05706644201547237,-6.666666666666671,-0.09708737864077677,-26.0,-0.35135135135135137,Big East,9.0,10.375,3.0,72.5,81.75,80.86137142644847,75.0,63.0,76.5625,75.66513701941173,69.33333333333333,61.5,10.375,10.392468814073496,11.333333333333336,3.0,0.13551020408163264,0.13734817940536248,0.16346153846153852,0.04878048780487805,1,0,0,2018-12-15,,Villanova,1,71.0,74.0,5.0,8.0,W,-0.0520564721956317,-0.0577604566643809,-0.08685769543722191,0.01980897122944475,0.09628299341274893,0.09217200487507571,0.06343898868145176,0.03647563789611141,9,2.25,2.24306625989993,4.0,0.0,5.555555555555557,4.35646576695197,2.6666666666666714,-14.0,0.409,0.4069403082421175,0.38699999999999996,0.45499999999999996,1,7.0,0.483875,0.4828890977596119,0.47433333333333333,0.43100000000000005,0.4102222222222222,0.41340941555306404,0.429,0.525,0.07619047619047621,0.06018421450170075,0.035714285714285775,-0.17073170731707318,-3.03125,0.09314640760631039,0.038450284538375804,2.050252525252525,2.050252525252525,7.4463293650793645,7.4463293650793645,0.4721522152215225,2.4683924537556945,1.419300567467723,2.3798301862289377,2.241678077902036
2018-12-22,N,UConn,W,81.0,58.0,27.0,47.0,0.574,12.0,23.0,0.522,15.0,24.0,0.625,7.0,35.0,20.0,9.0,2.0,19.0,18.0,,22.0,54.0,0.407,7.0,18.0,0.389,7.0,14.0,0.5,5.0,21.0,11.0,5.0,5.0,16.0,21.0,7.0,23.0,1,13,69.5,0,0,1,0,73.72222222222223,74.66666666666667,71.98859289770795,74.14414819194091,65.33333333333333,72.0,61.0,71.0,67.36111111111111,66.66666666666667,67.99442646879335,66.88746071529874,72.0,70.0,87.0,74.0,10.555555555555555,0.08491313789611143,10.470819786523522,0.0836750534688851,10.0,0.10314230456277812,11.0,0.024503806910195935,7.611111111111111,-0.036024362103888596,8.086487549391387,-0.03556162072674707,10.333333333333334,-0.05638150496103145,16.0,-0.11082165940118585,0.44044444444444447,0.44450000000000006,0.43078695994866917,0.44462674386867884,0.41666666666666674,0.4240000000000001,0.345,0.4069999999999998,0.43861111111111106,0.44150000000000006,0.4396824238706646,0.4454980025028208,0.45366666666666644,0.45199999999999996,0.5369999999999995,0.5000000000000001,70.54166666666667,70.66666666666667,69.99150968325065,70.51580445361982,68.66666666666667,71.0,74.0,72.5,0.1111111111111111,0.8125,0.04008923603639201,0.29597690118224845,0.0,1.4444444444444444,0.0,13.0,8.0,7.2566874766421705,2.0,-3.0,0.11320754716981131,0.10290866753729078,0.028169014084507043,-0.041379310344827586,6.361111111111114,0.09017523134475294,3.994166428914596,0.05706644201547237,-6.666666666666671,-0.09708737864077677,-26.0,-0.35135135135135137,Big East,8.0,12.666666666666666,-23.0,69.5,83.25,82.85077854257048,76.33333333333333,97.0,76.91666666666667,76.2552581595816,69.83333333333333,81.0,12.666666666666671,13.19104076597776,12.999999999999993,32.0,0.16468039003250276,0.17298532697079702,0.18615751789976126,0.3950617283950617,0,0,1,2018-12-22,N,Villanova,0,81.0,58.0,7.0,12.0,L,-0.03124207982160626,-0.03159789693822601,-0.03841519179821168,-0.004246011588424636,-0.05850665254072446,-0.06405533079490686,-0.0924717305249412,-0.1750628236423501,13,7.3125,7.571642724310018,5.777777777777778,13.0,2.4848484848484844,-1.2257006419065846,-7.666666666666671,-39.0,0.42558333333333337,0.4238134891088408,0.40866666666666673,0.42400000000000004,0,4.0,0.48041666666666666,0.4784120837739479,0.4506666666666666,0.5999999999999998,0.44448484848484837,0.44626119749905013,0.4613333333333333,0.4639999999999998,0.034237995824634646,-0.017283870678287835,-0.10526315789473692,-0.6046511627906976,-3.125,-0.07048392337994823,0.033548114647057814,3.401262626262628,3.401262626262628,-2.3702020202020204,-2.3702020202020204,0.6501425545780392,2.4683924537556945,1.7639884831417092,2.3798301862289377,1.0300094315056443
2019-01-02,,DePaul,W,73.0,68.0,23.0,55.0,0.418,11.0,32.0,0.344,16.0,18.0,0.889,5.0,20.0,14.0,8.0,1.0,6.0,13.0,,28.0,53.0,0.528,8.0,20.0,0.4,4.0,6.0,0.667,7.0,34.0,17.0,3.0,2.0,18.0,16.0,11.0,5.0,1,14,70.5,1,0,0,1,73.72222222222223,75.15384615384616,71.98859289770795,74.86454726284944,65.33333333333333,75.66666666666667,61.0,81.0,67.36111111111111,66.0,67.99442646879335,65.95358428078902,72.0,70.0,87.0,58.0,10.555555555555555,0.08872742909365489,10.470819786523522,0.08904631943339258,10.0,0.06973554979038454,11.0,0.13092008234055585,7.611111111111111,-0.030307578887105335,8.086487549391387,-0.027789680536538075,10.333333333333334,-0.04209579067531716,16.0,0.048544603413352816,0.44044444444444447,0.4544615384615385,0.43078695994866917,0.4582210245104887,0.41666666666666674,0.4936666666666667,0.345,0.5739999999999998,0.43861111111111106,0.43884615384615394,0.4396824238706646,0.44145271009987463,0.45366666666666644,0.4726666666666666,0.5369999999999995,0.40700000000000003,70.54166666666667,70.57692307692308,69.99150968325065,70.40906577181923,68.66666666666667,72.83333333333333,74.0,69.5,0.1111111111111111,0.7455621301775149,0.04008923603639201,0.2552777063451122,0.0,6.222222222222221,0.0,0.0,9.15384615384616,8.910962982060425,5.666666666666671,23.0,0.12970027247956412,0.12655988095253184,0.0778032036613273,0.33093525179856115,6.361111111111114,0.09017523134475294,3.994166428914596,0.05706644201547237,-6.666666666666671,-0.09708737864077677,-26.0,-0.35135135135135137,Big East,9.153846153846153,9.636363636363637,-5.0,70.5,77.58333333333333,77.08930133458145,69.33333333333333,65.0,73.54166666666667,73.38671045486915,69.66666666666667,69.5,8.083333333333329,7.405181759424636,-0.6666666666666714,-9.0,0.10991501416430588,0.10090630460917885,-0.00956937799043069,-0.12949640287769784,0,1,0,2019-01-02,@,Villanova,0,73.0,68.0,8.0,11.0,L,-0.05251469507918394,-0.055970455265900776,-0.11160128518081164,-0.1750628236423501,0.08935333573783805,0.08974336207982858,0.07218992361039717,0.09188104330151686,13,5.777777777777778,6.177393674758695,13.0,13.0,1.9444444444444429,0.6545063993850277,-3.333333333333343,-12.0,0.41775000000000007,0.41985110404618364,0.4346666666666667,0.4600000000000001,-1,4.0,0.4693333333333333,0.46931510937206194,0.46499999999999986,0.4039999999999999,0.4510277777777778,0.462209501230607,0.4573333333333336,0.48300000000000004,0.025125628140703498,0.008242634709530771,-0.04329004329004341,-0.16901408450704225,-1.4823717948717956,0.08903983244009708,0.03989477740061535,3.52985476062399,3.52985476062399,-4.533801846301846,-5.426485131030586,0.5355792711561943,2.4683924537556945,1.8194392525037688,2.3798301862289377,1.5141401667916818
2019-01-05,@,Providence,W,65.0,59.0,23.0,51.0,0.451,7.0,22.0,0.318,12.0,15.0,0.8,6.0,33.0,8.0,8.0,2.0,13.0,25.0,,20.0,58.0,0.345,6.0,25.0,0.24,13.0,25.0,0.52,15.0,37.0,11.0,6.0,3.0,12.0,16.0,3.0,6.0,1,15,62.0,0,1,0,-1,73.72222222222223,75.0,71.98859289770795,74.67813584248938,65.33333333333333,75.0,61.0,73.0,67.36111111111111,66.14285714285714,67.99442646879335,66.15817832271333,72.0,66.66666666666667,87.0,68.0,10.555555555555555,0.09218992361039713,10.470819786523522,0.09388240861244695,10.0,0.09980897122944477,11.0,0.13853043241665935,7.611111111111111,-0.025187429058532218,8.086487549391387,-0.020883534792197345,10.333333333333334,-0.013524362103888576,16.0,0.03941681436669969,0.44044444444444447,0.4518571428571429,0.43078695994866917,0.4541998562318799,0.41666666666666674,0.4663333333333333,0.345,0.4179999999999998,0.43861111111111106,0.44521428571428573,0.4396824238706646,0.4501054289448455,0.45366666666666644,0.47833333333333333,0.5369999999999995,0.528,70.54166666666667,70.57142857142857,69.99150968325065,70.41815708260135,68.66666666666667,70.83333333333333,74.0,70.5,0.1111111111111111,1.2244897959183672,0.04008923603639201,0.736002280062317,0.0,0.0,0.0,15.0,8.857142857142861,8.519957519776057,8.333333333333329,5.0,0.125506072874494,0.1209909187169162,0.11764705882352935,0.07092198581560284,6.361111111111114,0.09017523134475294,3.994166428914596,0.05706644201547237,-6.666666666666671,-0.09708737864077677,-26.0,-0.35135135135135137,Big East,9.153846153846153,7.769230769230769,-6.0,62.0,74.71428571428571,74.80997429029975,70.66666666666667,68.0,71.5,71.42387590497596,66.5,73.5,6.428571428571416,6.77219677064754,8.333333333333336,-11.0,0.08991008991008974,0.0948169878047144,0.1253132832080201,-0.14965986394557823,1,0,0,2019-01-05,,Villanova,0,65.0,59.0,6.0,7.0,L,-0.023849409905035757,-0.027641495474663214,-0.058807380971813095,-0.004700832692123846,0.01911162115970977,0.01738842290837661,0.08754515661268897,0.18014652397206082,15,3.75,3.5944926207733494,1.6666666666666665,15.0,1.5882352941176379,0.206772454898001,0.0,-12.0,0.4207857142857142,0.4169301594826569,0.37433333333333324,0.44599999999999984,1,5.0,0.44592857142857145,0.4447642592390463,0.4280000000000001,0.40699999999999975,0.43411764705882355,0.4373477238135776,0.4366666666666668,0.5089999999999999,0.02249062890462294,0.0029330207537442885,0.0,-0.15384615384615385,-0.4642857142857153,0.04197497938992339,0.02450929048485377,3.530005708577139,3.257165911012067,1.4917047238475842,1.0088181049719542,0.4632683172009016,2.4683924537556945,1.8283681947852455,2.3798301862289377,0.7504094653819925
2019-01-08,,St. John's (NY),W,76.0,71.0,24.0,54.0,0.444,12.0,32.0,0.375,16.0,22.0,0.727,9.0,38.0,14.0,5.0,2.0,10.0,10.0,,26.0,61.0,0.426,13.0,35.0,0.371,6.0,8.0,0.75,5.0,27.0,17.0,6.0,2.0,8.0,18.0,3.0,5.0,1,16,73.5,1,0,0,1,73.72222222222223,74.33333333333333,71.98859289770795,73.75303040052151,65.33333333333333,73.0,61.0,65.0,67.36111111111111,65.66666666666667,67.99442646879335,65.47394844325183,72.0,61.666666666666664,87.0,59.0,10.555555555555555,0.08737249888265858,10.470819786523522,0.08677822258905482,10.0,0.09743454200570045,11.0,0.00955256097303453,7.611111111111111,-0.024184260581045947,8.086487549391387,-0.019811669624140327,10.333333333333334,0.027016178436651994,16.0,-0.008439616341176681,0.44044444444444447,0.45180000000000003,0.43078695994866917,0.45389399108782696,0.41666666666666674,0.48100000000000004,0.345,0.4509999999999998,0.43861111111111106,0.43853333333333333,0.4396824238706646,0.44005870033101824,0.45366666666666644,0.4266666666666667,0.5369999999999995,0.345,70.54166666666667,70.0,69.99150968325065,69.61348942188665,68.66666666666667,67.33333333333333,74.0,62.0,0.1111111111111111,0.6400000000000001,0.04008923603639201,0.17555972903843076,0.0,0.0,0.0,16.0,8.666666666666657,8.279081957269682,11.333333333333336,6.0,0.12380952380952367,0.11892927686895577,0.16831683168316836,0.0967741935483871,6.361111111111114,0.09017523134475294,3.994166428914596,0.05706644201547237,-6.666666666666671,-0.09708737864077677,-26.0,-0.35135135135135137,Big East,9.153846153846153,14.333333333333334,-5.0,73.5,84.73333333333333,85.54464323774738,86.66666666666667,97.0,78.3,79.05370871179554,83.16666666666667,95.5,12.866666666666674,12.981869051903686,7.0,3.0,0.164325244785015,0.16421581306490524,0.0841683366733467,0.031413612565445025,0,1,0,2019-01-08,@,Villanova,0,76.0,71.0,13.0,12.0,L,0.0405275655121618,0.043619473654418484,0.04416794558841913,0.026681823463121757,0.03155912583674231,0.02632726383079953,-0.04992603574405596,0.037539467683345484,16,1.7777777777777777,1.4505383199481419,1.7777777777777777,16.0,2.382352941176464,-2.4823471929216936,-11.0,-9.0,0.41573333333333323,0.41418728584611525,0.4183333333333334,0.4140000000000002,-1,3.0,0.48933333333333334,0.4936826547470493,0.49633333333333357,0.522,0.4364999999999999,0.44786363069581187,0.46300000000000024,0.4490000000000004,0.03136495643756042,-0.03302459996839221,-0.15172413793103448,-0.12949640287769784,-4.149999999999999,0.05251094825756291,-0.031307015269129886,3.4275702075702066,3.0131304592843042,-1.4939904539904547,-3.8563769563769568,0.6347418006672801,2.4683924537556945,1.8123593347407383,2.3798301862289377,1.476448975549816
2019-01-13,@,Creighton,W,90.0,78.0,31.0,58.0,0.534,12.0,27.0,0.444,16.0,19.0,0.842,5.0,31.0,20.0,8.0,2.0,9.0,13.0,,28.0,62.0,0.452,14.0,35.0,0.4,8.0,9.0,0.889,6.0,27.0,23.0,7.0,2.0,12.0,20.0,5.0,12.0,1,17,84.0,0,1,0,-1,73.72222222222223,74.4375,71.98859289770795,73.95924701052901,65.33333333333333,71.33333333333333,61.0,76.0,67.36111111111111,66.0,67.99442646879335,65.98110422276204,72.0,66.0,87.0,71.0,10.555555555555555,0.09201719960895777,10.470819786523522,0.0936986813918777,10.0,0.10703638555966288,11.0,0.1601598484224272,7.611111111111111,-0.006706180285706742,8.086487549391387,0.005428793486793537,10.333333333333334,0.09556654698702055,16.0,0.2357714125439988,0.44044444444444447,0.4513125,0.43078695994866917,0.45298596576249567,0.41666666666666674,0.4376666666666667,0.345,0.4439999999999998,0.43861111111111106,0.43775000000000003,0.4396824238706646,0.43876845700772327,0.45366666666666644,0.433,0.5369999999999995,0.42599999999999993,70.54166666666667,70.21875,69.99150968325065,69.9701756166455,68.66666666666667,68.66666666666667,74.0,73.5,0.1111111111111111,1.0625,0.04008923603639201,0.5939111673299488,0.0,1.8888888888888888,0.0,17.0,8.4375,7.97814278776697,5.333333333333329,5.0,0.12016021361815754,0.11402204892950155,0.07766990291262128,0.06802721088435375,6.361111111111114,0.09017523134475294,3.994166428914596,0.05706644201547237,-6.666666666666671,-0.09708737864077677,-26.0,-0.35135135135135137,Big East,9.153846153846153,7.5,-12.0,84.0,83.26666666666667,83.7155076060304,84.0,104.0,80.46666666666667,81.22672210017349,85.0,105.0,5.599999999999994,4.97757101171382,-2.0,-2.0,0.06959403479701733,0.06127996899314972,-0.023529411764705882,-0.01904761904761905,1,0,0,2019-01-13,,Villanova,0,90.0,78.0,14.0,12.0,L,0.09720422076240448,0.09869453495834007,0.1269518283723019,0.1768602532807268,-0.0019363792712705497,0.004384169821524009,0.08182447510541374,0.13930582657535673,16,1.1377777777777778,0.5739714623784732,1.7777777777777777,16.0,3.411764705882348,3.0411954858237635,2.6666666666666714,-13.0,0.4716666666666667,0.47554420548030185,0.49133333333333323,0.5589999999999997,1,4.0,0.5072666666666666,0.5045243946992062,0.46833333333333327,0.508,0.45982352941176474,0.4547617276305723,0.4599999999999999,0.4639999999999998,0.04533020711215312,0.04174933233954722,0.03940886699507396,-0.20155038759689922,-5.123958333333334,-0.013348415558527922,-0.025531725929993903,3.6394804796918754,2.7719322344322332,6.132592592592592,5.795029956427015,0.8913959219770698,2.4683924537556945,1.8479839351429712,2.3798301862289377,1.0870259114170284
2019-01-18,,Xavier,W,85.0,75.0,30.0,60.0,0.5,15.0,34.0,0.441,10.0,16.0,0.625,11.0,34.0,21.0,4.0,2.0,10.0,19.0,,28.0,64.0,0.438,6.0,18.0,0.333,13.0,20.0,0.65,15.0,33.0,16.0,5.0,1.0,7.0,12.0,5.0,10.0,1,18,80.0,1,0,0,1,73.72222222222223,75.3529411764706,71.98859289770795,75.37788123609495,65.33333333333333,77.0,61.0,90.0,67.36111111111111,66.70588235294117,67.99442646879335,67.0440478959357,72.0,69.33333333333333,87.0,78.0,10.555555555555555,0.09162786272046736,10.470819786523522,0.09293596251379782,10.0,0.08907304049351406,11.0,0.08647563789611146,7.611111111111111,0.009226960647434224,8.086487549391387,0.02801436930863671,10.333333333333334,0.16243717635764993,16.0,0.22493717635764987,0.44044444444444447,0.4561764705882353,0.43078695994866917,0.4601507966027893,0.41666666666666674,0.47633333333333344,0.345,0.5339999999999998,0.43861111111111106,0.43858823529411767,0.4396824238706646,0.4399386464469729,0.45366666666666644,0.4076666666666666,0.5369999999999995,0.4519999999999999,70.54166666666667,71.02941176470588,69.99150968325065,71.2109645660153,68.66666666666667,73.16666666666667,74.0,84.0,0.1111111111111111,0.5605536332179932,0.04008923603639201,0.12086051251224329,0.0,2.0,0.0,18.0,8.64705882352942,8.333833340159245,7.666666666666671,12.0,0.12173913043478272,0.11703019880363312,0.10478359908883833,0.14285714285714285,6.361111111111114,0.09017523134475294,3.994166428914596,0.05706644201547237,-6.666666666666671,-0.09708737864077677,-26.0,-0.35135135135135137,Big East,9.153846153846153,5.0,-10.0,80.0,73.77777777777777,72.4980390892282,67.66666666666667,70.0,72.30555555555556,71.37377926230525,69.5,69.5,2.944444444444443,2.248519653845875,-3.666666666666657,1.0,0.04072224356511715,0.03150344113882995,-0.052757793764987876,0.014388489208633094,0,1,0,2019-01-18,@,Villanova,0,85.0,75.0,6.0,15.0,L,-0.042440024754490935,-0.0530293720784909,-0.15096278574920877,-0.013524362103888576,0.06765210848434677,0.056880296282220466,0.09301769397087783,0.07777998572219841,19,2.873456790123457,2.3611221644201845,2.111111111111111,19.0,1.5428571428571445,1.5677870834498009,2.6666666666666714,-2.0,0.4342222222222223,0.4342225333352698,0.44433333333333325,0.4729999999999999,-1,5.0,0.46911111111111115,0.4614058777472729,0.3916666666666666,0.39299999999999985,0.43351428571428574,0.4282827002272336,0.4043333333333334,0.4129999999999998,0.021608643457382976,0.02220497288800807,0.03686635944700468,-0.025974025974025976,-0.6380718954248366,0.07873257336677045,-0.019788694708995393,3.4964148404459814,2.688279286073403,3.1445896877269424,1.9165472599296136,1.1823461939738038,2.4683924537556945,1.939971039304111,2.3798301862289377,1.6420476755793987
2019-01-22,@,Butler,W,80.0,72.0,26.0,53.0,0.491,12.0,26.0,0.462,16.0,18.0,0.889,9.0,29.0,12.0,3.0,3.0,8.0,12.0,,29.0,60.0,0.483,11.0,29.0,0.379,3.0,5.0,0.6,6.0,22.0,13.0,2.0,1.0,8.0,15.0,4.0,8.0,1,19,76.0,0,1,0,-1,73.72222222222223,75.88888888888889,71.98859289770795,76.20056711871402,65.33333333333333,83.66666666666667,61.0,85.0,67.36111111111111,67.16666666666667,67.99442646879335,67.7242774419854,72.0,74.66666666666667,87.0,75.0,10.555555555555555,0.09935997171748778,10.470819786523522,0.10466217268363448,10.0,0.1526110960634421,11.0,0.2158874026019938,7.611111111111111,0.004093503901074158,8.086487549391387,0.01840019596482717,10.333333333333334,0.12843992361039713,16.0,-0.07352436210388857,0.44044444444444447,0.4586111111111111,0.43078695994866917,0.4635578816609659,0.41666666666666674,0.49266666666666675,0.345,0.4999999999999998,0.43861111111111106,0.4385555555555556,0.4396824238706646,0.4397728932378879,0.45366666666666644,0.4386666666666666,0.5369999999999995,0.4379999999999999,70.54166666666667,71.52777777777777,69.99150968325065,71.96242228034968,68.66666666666667,79.16666666666667,74.0,80.0,0.1111111111111111,0.9382716049382716,0.04008923603639201,0.4890505478748645,0.0,2.111111111111111,0.0,19.0,8.722222222222214,8.476289676728626,9.0,10.0,0.12194174757281544,0.11778772042590334,0.11368421052631578,0.125,6.361111111111114,0.09017523134475294,3.994166428914596,0.05706644201547237,-6.666666666666671,-0.09708737864077677,-26.0,-0.35135135135135137,Big East,9.153846153846153,7.846153846153846,-8.0,76.0,74.3157894736842,74.31589812510313,78.66666666666667,80.0,70.78947368421052,71.30691033705615,74.33333333333333,75.5,7.05263157894737,6.0179755760939315,8.666666666666671,9.0,0.09962825278810412,0.08439540498456519,0.11659192825112115,0.11920529801324503,1,0,0,2019-01-22,,Villanova,0,80.0,72.0,11.0,12.0,L,0.05616402316523328,0.06063921257391186,0.10596716331984024,0.09897563789611141,0.0033770463468157375,-0.002887215754975414,-0.013524362103888576,-0.017749714216564627,20,1.3850415512465373,0.6428395125449106,2.2222222222222223,20.0,1.1212121212121247,-2.795755489823563,-13.333333333333329,-4.0,0.44026315789473675,0.44068402899726694,0.39333333333333337,0.3809999999999999,1,3.0,0.4616842105263157,0.46023002187500434,0.5049999999999999,0.4590000000000001,0.45978787878787875,0.47204934817446614,0.5223333333333333,0.5000000000000002,0.01570791763956702,-0.038848953103212965,-0.17937219730941698,-0.05128205128205128,0.36915204678362556,0.018317839105862273,0.015162705824716835,2.990460048541835,2.234376240374694,3.7043459073380056,3.1969420629250362,1.471420623137075,2.4683924537556945,1.9179091561681685,2.3798301862289377,1.597782170805962
2019-01-27,,Seton Hall,W,80.0,52.0,28.0,58.0,0.483,17.0,42.0,0.405,7.0,13.0,0.538,9.0,35.0,16.0,9.0,4.0,14.0,16.0,,18.0,52.0,0.346,7.0,23.0,0.304,9.0,14.0,0.643,7.0,28.0,10.0,8.0,3.0,17.0,16.0,5.0,28.0,1,20,66.0,1,0,0,1,73.72222222222223,76.10526315789474,71.98859289770795,76.51551295137925,65.33333333333333,85.0,61.0,80.0,67.36111111111111,67.42105263157895,67.99442646879335,68.07870428497877,72.0,75.0,87.0,72.0,10.555555555555555,0.10141339723221104,10.470819786523522,0.10741937451619538,10.0,0.14529916730787612,11.0,0.13647563789611145,7.611111111111111,0.012002569980420541,8.086487549391387,0.029482129163059312,10.333333333333334,0.09980897122944477,16.0,0.14480897122944475,0.44044444444444447,0.4603157894736841,0.43078695994866917,0.4658326371522274,0.41666666666666674,0.5083333333333334,0.345,0.49099999999999977,0.43861111111111106,0.4408947368421053,0.4396824238706646,0.4433561114597332,0.45366666666666644,0.45766666666666667,0.5369999999999995,0.4829999999999998,70.54166666666667,71.76315789473684,69.99150968325065,72.297108618179,68.66666666666667,80.0,74.0,76.0,0.1111111111111111,0.4986149584487534,0.04008923603639201,0.08254468855039637,0.0,2.2222222222222223,0.0,20.0,8.684210526315795,8.43680866640048,10.0,8.0,0.1210121012101211,0.11669634965566325,0.125,0.10526315789473684,6.361111111111114,0.09017523134475294,3.994166428914596,0.05706644201547237,-6.666666666666671,-0.09708737864077677,-26.0,-0.35135135135135137,Big East,9.153846153846153,6.166666666666667,-28.0,66.0,75.42105263157895,75.81456292124109,74.0,93.0,73.60526315789474,74.57535733978669,76.83333333333333,95.0,3.631578947368425,2.4784111629088272,-5.666666666666671,-4.0,0.049338577046835946,0.03323364783378075,-0.07375271149674627,-0.042105263157894736,0,1,0,2019-01-27,@,Villanova,0,80.0,52.0,7.0,17.0,L,-0.04555506691896183,-0.03819974937802567,0.010799962220435777,0.10583047660578887,-0.016603540989518994,-0.03127925270499893,-0.0750306382545162,-0.1279573517946102,20,0.4986149584487534,0.1778123975589432,2.2222222222222223,20.0,1.911764705882348,0.7430655419802434,-5.333333333333329,-16.0,0.43563157894736837,0.4401781624208691,0.4486666666666667,0.5250000000000001,-1,8.0,0.4590526315789473,0.4615171689368481,0.4606666666666667,0.5420000000000003,0.43170588235294116,0.43100988739254154,0.41733333333333333,0.4809999999999999,0.026257321753181104,0.010164055410181054,-0.06986899563318771,-0.21052631578947367,-0.9210526315789522,-0.04103439408388271,-0.02338328203348666,3.220839508471903,2.463726813262418,4.373471604708368,3.6212659917768306,1.5513388353168451,2.4683924537556945,1.875977733275745,2.3798301862289377,1.3250930311506863
2019-01-30,@,DePaul,W,86.0,74.0,31.0,66.0,0.47,15.0,35.0,0.429,9.0,15.0,0.6,14.0,35.0,16.0,5.0,2.0,1.0,14.0,,27.0,51.0,0.529,7.0,16.0,0.438,13.0,17.0,0.765,4.0,28.0,15.0,1.0,4.0,11.0,17.0,3.0,12.0,1,21,80.0,0,1,0,-1,73.72222222222223,76.3,71.98859289770795,76.79625574037483,65.33333333333333,81.66666666666667,61.0,80.0,67.36111111111111,66.65,67.99442646879335,66.78325384380494,72.0,66.33333333333333,87.0,52.0,10.555555555555555,0.1130811424832674,10.470819786523522,0.1255950452019975,10.0,0.2252511481001931,11.0,0.3239756378961114,7.611111111111111,0.015057783432495475,8.086487549391387,0.033298866915495606,10.333333333333334,0.0482846831222421,16.0,0.09032179174226529,0.44044444444444447,0.46144999999999997,0.43078695994866917,0.46721580008505864,0.41666666666666674,0.49133333333333346,0.345,0.48299999999999976,0.43861111111111106,0.43615000000000004,0.4396824238706646,0.4355121947294961,0.45366666666666644,0.4223333333333333,0.5369999999999995,0.34599999999999975,70.54166666666667,71.475,69.99150968325065,71.78975479208987,68.66666666666667,74.0,74.0,66.0,0.1111111111111111,0.8400000000000002,0.04008923603639201,0.4094673059162782,0.0,2.333333333333333,0.0,21.0,9.649999999999991,10.01300189656989,15.333333333333343,28.0,0.13501224204267215,0.13947675299307707,0.20720720720720734,0.42424242424242425,6.361111111111114,0.09017523134475294,3.994166428914596,0.05706644201547237,-6.666666666666671,-0.09708737864077677,-26.0,-0.35135135135135137,Big East,9.153846153846153,9.636363636363637,-12.0,80.0,76.57894736842105,75.9837661120014,77.66666666666667,67.0,74.63157894736842,74.96208238099929,79.16666666666667,68.5,3.89473684210526,2.0433674620042694,-3.0,-3.0,0.05218617771509164,0.027258680616938192,-0.03789473684210526,-0.043795620437956206,1,0,0,2019-01-30,,Villanova,0,86.0,74.0,7.0,15.0,L,-0.059916114681208166,-0.0653393860069987,-0.09464024193221476,-0.08964376508896318,0.060117926093070095,0.04836773892950008,-0.016003700946863764,-0.14209579067531714,20,1.3850415512465373,0.289834689968318,20.0,20.0,1.9444444444444429,0.6545063993850277,-3.333333333333343,-12.0,0.43610526315789483,0.44299874665634775,0.45033333333333353,0.38600000000000007,1,3.0,0.46784210526315784,0.46517715627961964,0.4439999999999998,0.4259999999999997,0.4510277777777778,0.462209501230607,0.4573333333333336,0.48300000000000004,0.025125628140703498,0.008242634709530771,-0.04329004329004341,-0.16901408450704225,-1.5782894736842152,0.08245122052661802,-0.03003670885743302,3.0691814094058674,2.434146452103109,-0.8392593325418806,-5.426036682615629,1.7069500997977467,2.4683924537556945,1.8777670819060752,2.3798301862289377,1.32969395718775
2019-02-03,,Georgetown,W,77.0,65.0,24.0,57.0,0.421,9.0,31.0,0.29,20.0,31.0,0.645,6.0,40.0,13.0,4.0,3.0,8.0,18.0,,23.0,68.0,0.338,8.0,26.0,0.308,11.0,18.0,0.611,9.0,35.0,16.0,5.0,3.0,6.0,27.0,4.0,12.0,1,22,71.0,1,0,0,1,73.72222222222223,76.76190476190476,71.98859289770795,77.51864100921964,65.33333333333333,82.0,61.0,86.0,67.36111111111111,67.0,67.99442646879335,67.34968321919483,72.0,66.0,87.0,74.0,10.555555555555555,0.11823742449660768,10.470819786523522,0.13292127605287435,10.0,0.22306100374977,11.0,0.20973145184959985,7.611111111111111,0.012701650689288413,8.086487549391387,0.027862448393527806,10.333333333333334,0.06526351668399022,16.0,-0.029740578320104794,0.44044444444444447,0.46185714285714285,0.43078695994866917,0.4674343269092877,0.41666666666666674,0.48133333333333345,0.345,0.46999999999999975,0.43861111111111106,0.4405714285714286,0.4396824238706646,0.442849883765501,0.45366666666666644,0.4526666666666666,0.5369999999999995,0.5289999999999998,70.54166666666667,71.88095238095238,69.99150968325065,72.43416211420723,68.66666666666667,74.0,74.0,80.0,0.1111111111111111,0.44897959183673464,0.04008923603639201,0.05541612015544672,0.0,2.444444444444444,0.0,22.0,9.76190476190476,10.168957790024805,16.0,12.0,0.13580655846306722,0.14038897521850768,0.21621621621621623,0.15,6.361111111111114,0.09017523134475294,3.994166428914596,0.05706644201547237,-6.666666666666671,-0.09708737864077677,-26.0,-0.35135135135135137,Big East,9.153846153846153,6.923076923076923,-12.0,71.0,83.19047619047619,84.14278008315092,85.33333333333333,80.0,80.66666666666667,81.73949846133365,83.0,76.5,5.047619047619051,4.806563243634599,4.666666666666657,7.0,0.06257378984651715,0.05880343449756195,0.05622489959839346,0.0915032679738562,0,1,0,2019-02-03,@,Villanova,0,77.0,65.0,8.0,9.0,L,0.005880331656844151,0.01832953001581822,0.07319438789611143,-0.013524362103888576,0.022855893837610552,0.019207754206301608,0.08316985277214445,0.17962632282761826,22,4.040816326530612,3.969138512275554,2.444444444444444,22.0,1.4848484848484844,-1.1684438460400628,-5.666666666666671,-3.0,0.4364285714285714,0.43974523920892095,0.4413333333333333,0.46599999999999986,-1,3.0,0.45833333333333326,0.45999215900675977,0.48700000000000004,0.5000000000000001,0.4356666666666666,0.4366052473090973,0.4083333333333332,0.4719999999999997,0.01884253028263795,-0.014974822038057495,-0.07744874715261965,-0.04316546762589928,-4.392857142857146,0.05198482491965284,0.008642332939802712,2.775308990526382,2.3511155511155506,1.541613821868809,-0.42832343095501046,1.602981706371295,2.4683924537556945,1.8809421944079023,2.3798301862289377,0.9190870173496994
2019-02-06,,Creighton,W (1 OT),66.0,59.0,21.0,56.0,0.375,10.0,34.0,0.294,14.0,22.0,0.636,11.0,31.0,14.0,5.0,4.0,6.0,12.0,,24.0,53.0,0.453,5.0,17.0,0.294,6.0,9.0,0.667,6.0,29.0,8.0,2.0,2.0,11.0,21.0,3.0,7.0,1,23,62.5,1,0,0,1,73.72222222222223,76.77272727272727,71.98859289770795,77.47890473456614,65.33333333333333,81.0,61.0,77.0,67.36111111111111,66.9090909090909,67.99442646879335,67.16965954947557,72.0,63.666666666666664,87.0,65.0,10.555555555555555,0.11453958105774564,10.470819786523522,0.12562710025220153,10.0,0.1926484774022843,11.0,0.03712498854546209,7.611111111111111,0.014600637896111435,8.086487549391387,0.02992683715505451,10.333333333333334,0.032025376116006754,16.0,0.055706407126880686,0.44044444444444447,0.45999999999999996,0.43078695994866917,0.46387670779584045,0.41666666666666674,0.4580000000000002,0.345,0.4209999999999998,0.43861111111111106,0.4359090909090909,0.4396824238706646,0.4348166898902978,0.45366666666666644,0.4043333333333334,0.5369999999999995,0.33799999999999975,70.54166666666667,71.8409090909091,69.99150968325065,72.32428214202085,68.66666666666667,72.33333333333333,74.0,71.0,0.1111111111111111,0.7603305785123967,0.04008923603639201,0.34773880707454924,0.0,2.5555555555555554,0.0,23.0,9.86363636363636,10.309245185090575,17.333333333333336,12.0,0.13729832331540645,0.14254196349777304,0.23963133640553,0.16901408450704225,6.361111111111114,0.09017523134475294,3.994166428914596,0.05706644201547237,-6.666666666666671,-0.09708737864077677,-26.0,-0.35135135135135137,Big East,9.153846153846153,7.5,-7.0,62.5,81.04761904761905,80.22121570080253,72.66666666666667,76.0,79.11904761904762,78.6988398305928,69.33333333333333,65.0,3.857142857142861,3.0447517404194286,6.666666666666671,22.0,0.04875112849834492,0.03868864835839466,0.09615384615384623,0.3384615384615385,0,1,0,2019-02-06,@,Villanova,0,66.0,59.0,5.0,10.0,L (1 OT),0.09540630769634639,0.09210271818465088,0.0029893993640013328,-0.03720857263020433,0.014051208531521642,0.02584858920448946,0.06526351668399022,0.07536452678500033,22,1.7959183673469385,1.5676974018499852,22.0,22.0,3.411764705882348,3.0411954858237635,2.6666666666666714,-13.0,0.4753809523809524,0.47874034845001284,0.4683333333333332,0.4289999999999996,-1,3.0,0.4985714285714285,0.49424220800573304,0.49999999999999994,0.583,0.45982352941176474,0.4547617276305723,0.4599999999999999,0.4639999999999998,0.04533020711215312,0.04174933233954722,0.03940886699507396,-0.20155038759689922,-3.6390692640692635,0.04011757144388865,0.03732282078942243,2.888990127132419,2.4576510446075663,5.176685596920969,4.8991207432282975,1.5655693719885684,2.4683924537556945,1.8629379348824742,2.3798301862289377,1.5207706067625246
2019-02-09,@,Marquette,L,65.0,66.0,23.0,57.0,0.404,9.0,29.0,0.31,10.0,15.0,0.667,8.0,28.0,10.0,9.0,3.0,7.0,10.0,,26.0,51.0,0.51,7.0,18.0,0.389,7.0,10.0,0.7,6.0,30.0,13.0,4.0,2.0,12.0,14.0,3.0,-1.0,0,24,65.5,0,1,0,-1,73.72222222222223,76.30434782608695,71.98859289770795,76.61884016236837,65.33333333333333,76.33333333333333,61.0,66.0,67.36111111111111,66.56521739130434,67.99442646879335,66.55754237384795,72.0,66.0,87.0,59.0,10.555555555555555,0.11553546695594052,10.470819786523522,0.12662065140344303,10.0,0.13189048505768353,11.0,0.14102109244156597,7.611111111111111,0.01175323423837138,8.086487549391387,0.024001433780942993,10.333333333333334,-0.010494059073585527,16.0,-0.059287073968295356,0.44044444444444447,0.4563043478260869,0.43078695994866917,0.45721756134969954,0.41666666666666674,0.42200000000000015,0.345,0.37499999999999983,0.43861111111111106,0.43665217391304345,0.4396824238706646,0.43617908649452675,0.45366666666666644,0.4400000000000001,0.5369999999999995,0.4529999999999997,70.54166666666667,71.43478260869566,69.99150968325065,71.58819126810815,68.66666666666667,71.16666666666667,74.0,62.5,0.1111111111111111,1.1342155009451795,0.04008923603639201,0.8543354308118161,0.0,2.6666666666666665,0.0,24.0,9.73913043478261,10.06129778852042,10.333333333333329,7.0,0.1363359707851491,0.14054409826949535,0.14519906323185003,0.112,6.361111111111114,0.09017523134475294,3.994166428914596,0.05706644201547237,-6.666666666666671,-0.09708737864077677,-26.0,-0.35135135135135137,Big East,9.153846153846153,13.846153846153847,1.0,65.5,79.04347826086956,79.12816617099631,77.33333333333333,69.0,74.04347826086956,74.44512054814004,73.66666666666667,69.5,10.0,9.36609124571254,7.333333333333329,-1.0,0.13505578391074574,0.12581202336365274,0.09954751131221712,-0.014388489208633094,1,0,0,2019-02-09,,Villanova,1,65.0,66.0,7.0,9.0,W,0.04291128146046791,0.04196429281247405,0.07440667237887005,0.034301724852633164,-0.022592372179455256,-0.02390233149596377,-0.04209579067531716,-0.09923864781817429,24,3.6748582230623823,2.2693827733664285,2.6666666666666665,24.0,7.82352941176471,5.526478471976731,3.666666666666657,-19.0,0.4070869565217391,0.4117720180880075,0.42800000000000016,0.45600000000000046,1,4.0,0.46160869565217394,0.4634009205938729,0.48633333333333323,0.40700000000000003,0.4075294117647058,0.4122865609505769,0.4260000000000003,0.5360000000000007,0.10657051282051289,0.07536006380801835,0.04921700223713634,-0.2585034013605442,-1.3043478260869534,-0.05109031482967944,0.022457656655883812,2.9615041857952993,2.61187146187146,2.479733603930201,1.7240942632246987,1.685750447986518,2.4683924537556945,1.930278229273773,2.3798301862289377,1.4311418723044766
2019-02-13,,Providence,W,85.0,67.0,28.0,54.0,0.519,10.0,23.0,0.435,19.0,26.0,0.731,8.0,24.0,19.0,5.0,5.0,11.0,20.0,,24.0,57.0,0.421,6.0,21.0,0.286,13.0,16.0,0.813,11.0,30.0,17.0,6.0,0.0,14.0,23.0,4.0,18.0,1,25,76.0,1,0,0,1,73.72222222222223,75.83333333333333,71.98859289770795,75.76608912320116,65.33333333333333,69.33333333333333,61.0,65.0,67.36111111111111,66.54166666666667,67.99442646879335,66.51662221038633,72.0,63.333333333333336,87.0,66.0,10.555555555555555,0.11504706646754004,10.470819786523522,0.12506161739244998,10.0,0.09032179174226529,11.0,0.10186025328072684,7.611111111111111,0.01145998354420158,8.086487549391387,0.02259273216957247,10.333333333333334,0.0022651115803219435,16.0,0.0046574560779296115,0.44044444444444447,0.45412499999999995,0.43078695994866917,0.45331172134254594,0.41666666666666674,0.40000000000000013,0.345,0.4039999999999999,0.43861111111111106,0.4397083333333333,0.4396824238706646,0.44159708517807467,0.45366666666666644,0.4336666666666667,0.5369999999999995,0.5099999999999996,70.54166666666667,71.1875,69.99150968325065,71.14135566679373,68.66666666666667,66.33333333333333,74.0,65.5,0.1111111111111111,0.6944444444444444,0.04008923603639201,0.25720761661410735,0.0,2.7777777777777777,0.0,25.0,9.291666666666657,9.249466912814825,5.999999999999993,-1.0,0.13052385133157726,0.1300153311125634,0.09045226130653257,-0.015267175572519083,6.361111111111114,0.09017523134475294,3.994166428914596,0.05706644201547237,-6.666666666666671,-0.09708737864077677,-26.0,-0.35135135135135137,Big East,9.153846153846153,7.769230769230769,-18.0,76.0,71.83333333333333,70.42764363875591,64.0,70.0,70.33333333333333,69.48658944441436,65.16666666666667,63.0,3.0,1.8821083886831076,-2.3333333333333286,14.0,0.04265402843601896,0.027085922675607728,-0.035805626598465395,0.2222222222222222,0,1,0,2019-02-13,@,Villanova,0,85.0,67.0,6.0,10.0,L,-0.03336194911084911,-0.03888065175585659,-0.032274362103888565,-0.013524362103888576,-0.015703538859336508,-0.0354632588370461,-0.11754446260640111,-0.20638150496103141,25,1.0850694444444446,0.1041543518984383,2.7777777777777777,25.0,1.5882352941176379,0.206772454898001,0.0,-12.0,0.42674999999999996,0.4261884685636095,0.4050000000000001,0.3699999999999997,-1,4.0,0.4196249999999999,0.4071755903365294,0.35166666666666674,0.3959999999999997,0.43411764705882355,0.4373477238135776,0.4366666666666668,0.5089999999999999,0.02249062890462294,0.0029330207537442885,0.0,-0.15384615384615385,0.4270833333333357,-0.04250465949664442,-0.019553193800830117,2.9918650793650783,2.3955390985825744,2.006331521739129,0.1471181716833877,1.665002857730733,2.4683924537556945,2.175830361877562,2.3798301862289377,1.4122668614304528
2019-02-17,N,St. John's (NY),L,65.0,71.0,18.0,54.0,0.333,11.0,35.0,0.314,18.0,24.0,0.75,10.0,42.0,14.0,5.0,1.0,16.0,23.0,,19.0,56.0,0.339,8.0,23.0,0.348,25.0,33.0,0.758,8.0,35.0,10.0,8.0,2.0,7.0,19.0,4.0,-6.0,0,26,68.0,0,0,1,0,73.72222222222223,76.2,71.98859289770795,76.43094298007362,65.33333333333333,72.0,61.0,85.0,67.36111111111111,66.56,67.99442646879335,66.55142605374577,72.0,64.0,87.0,67.0,10.555555555555555,0.1116724882898123,10.470819786523522,0.11820371599251639,10.0,0.08925341567388922,11.0,0.03941681436669969,7.611111111111111,0.00919198404995758,8.086487549391387,0.017702756253733187,10.333333333333334,-0.032274362103888565,16.0,-0.04486764568597812,0.44044444444444447,0.45671999999999996,0.43078695994866917,0.45804136471894624,0.41666666666666674,0.43266666666666675,0.345,0.5189999999999999,0.43861111111111106,0.43895999999999996,0.4396824238706646,0.44011406766754385,0.45366666666666644,0.4613333333333334,0.5369999999999995,0.4209999999999996,70.54166666666667,71.38,69.99150968325065,71.49118451690968,68.66666666666667,68.0,74.0,76.0,0.1111111111111111,1.0400000000000003,0.04008923603639201,0.7175736121445683,0.0,2.888888888888889,0.0,26.0,9.64,9.879516926327852,8.0,18.0,0.13505183524796863,0.13819210009020158,0.11764705882352941,0.23684210526315788,6.361111111111114,0.09017523134475294,3.994166428914596,0.05706644201547237,-6.666666666666671,-0.09708737864077677,-26.0,-0.35135135135135137,Big East,9.153846153846153,10.923076923076923,6.0,68.0,79.6,77.43635700780595,67.66666666666667,77.0,76.56,75.92985271844024,69.16666666666667,75.0,6.079999999999998,3.01300857873143,-3.0,4.0,0.07941483803552767,0.03968147534678009,-0.043373493975903614,0.05333333333333334,0,0,1,2019-02-17,N,Villanova,1,65.0,71.0,8.0,11.0,W,0.024164080107166752,0.0151289689403859,-0.062292835010292535,0.07608602750650106,0.035768347362923225,0.03270172439759117,0.011947336009318965,0.01524276118378265,26,1.0400000000000003,0.5063899563046352,2.888888888888889,26.0,2.382352941176464,-2.4823471929216936,-11.0,-9.0,0.4272399999999999,0.4307724338736242,0.40700000000000003,0.41800000000000026,0,5.0,0.46527999999999997,0.45476905301223375,0.4106666666666669,0.406,0.4364999999999999,0.44786363069581187,0.46300000000000024,0.4490000000000004,0.03136495643756042,-0.03302459996839221,-0.15172413793103448,-0.12949640287769784,-2.5900000000000034,0.06320079391931704,0.014903551218651683,2.849059552042161,2.4241579156629336,1.5684734260400168,-1.335608302980244,1.7012565369460995,2.4683924537556945,2.152326559167165,2.3798301862289377,1.6456025968917445
2019-02-20,@,Georgetown,L,73.0,85.0,25.0,65.0,0.385,9.0,38.0,0.237,14.0,19.0,0.737,11.0,30.0,16.0,6.0,2.0,8.0,19.0,,29.0,57.0,0.509,11.0,28.0,0.393,16.0,20.0,0.8,9.0,37.0,23.0,6.0,1.0,12.0,19.0,3.0,-12.0,0,27,79.0,0,1,0,-1,73.72222222222223,75.76923076923077,71.98859289770795,75.62241084024386,65.33333333333333,71.66666666666667,61.0,65.0,67.36111111111111,66.73076923076923,67.99442646879335,66.86608207278339,72.0,68.0,87.0,71.0,10.555555555555555,0.11439441962199981,10.470819786523522,0.12282206985161603,10.0,0.1050802890589021,11.0,0.1941679455884191,7.611111111111111,0.009818577377379456,8.086487549391387,0.0182135478118568,10.333333333333334,-0.004700832692123846,16.0,0.024503806910195935,0.44044444444444447,0.4519615384615384,0.43078695994866917,0.4491969533383908,0.41666666666666674,0.41866666666666674,0.345,0.33299999999999985,0.43861111111111106,0.43511538461538457,0.4396824238706646,0.4329620791010149,0.45366666666666644,0.42333333333333334,0.5369999999999995,0.3389999999999996,70.54166666666667,71.25,69.99150968325065,71.24424645651361,68.66666666666667,69.83333333333333,74.0,68.0,0.1111111111111111,0.9985207100591716,0.04008923603639201,0.6434857710380149,0.0,0.0,0.0,0.0,9.038461538461547,8.756328767460474,3.6666666666666714,-6.0,0.12685560053981118,0.12290576717384753,0.05250596658711224,-0.08823529411764706,6.361111111111114,0.09017523134475294,3.994166428914596,0.05706644201547237,-6.666666666666671,-0.09708737864077677,-26.0,-0.35135135135135137,Big East,9.153846153846153,6.923076923076923,12.0,79.0,81.28,80.63239310216174,73.33333333333333,75.0,79.6,79.67617560810507,75.0,82.5,3.3599999999999994,1.9124349881133327,-3.333333333333343,-15.0,0.04221105527638191,0.024002595173742123,-0.04444444444444457,-0.18181818181818182,1,0,0,2019-02-20,,Villanova,1,73.0,85.0,11.0,9.0,W,0.002420519785875208,0.008782071349420162,-0.0407970893766158,-0.03352436210388854,0.02220459066818542,0.01964943682902298,0.01256259441785057,0.053142304562778075,26,2.0384,0.7825089585829272,2.888888888888889,26.0,1.4848484848484844,-1.1684438460400628,-5.666666666666671,-3.0,0.4355999999999999,0.43799646430046574,0.4346666666666666,0.4919999999999998,1,7.0,0.4493599999999999,0.44464176436077596,0.4236666666666668,0.45300000000000007,0.4356666666666666,0.4366052473090973,0.4083333333333332,0.4719999999999997,0.01884253028263795,-0.014974822038057495,-0.07744874715261965,-0.04316546762589928,-4.174999999999997,0.050399218867271584,0.0048750446983687945,2.97152668958689,2.4642368111264434,1.7345721090503698,-0.4071246423587552,1.6672770450187613,2.4683924537556945,2.161173727705984,2.3798301862289377,1.1974283686982292
2019-02-24,@,Xavier,L,54.0,66.0,20.0,59.0,0.339,10.0,36.0,0.278,4.0,4.0,1.0,11.0,30.0,13.0,5.0,3.0,8.0,18.0,,24.0,47.0,0.511,8.0,22.0,0.364,10.0,18.0,0.556,5.0,33.0,12.0,3.0,4.0,9.0,13.0,4.0,-12.0,0,28,60.0,0,1,0,-1,73.72222222222223,75.66666666666667,71.98859289770795,75.4399655705891,65.33333333333333,74.33333333333333,61.0,73.0,67.36111111111111,67.4074074074074,67.99442646879335,68.12768742285161,72.0,74.33333333333333,87.0,85.0,10.555555555555555,0.11231998444530378,10.470819786523522,0.11834631186304434,10.0,0.09006308184229977,11.0,0.05633865159474155,7.611111111111111,0.012849264269737815,8.086487549391387,0.023117604654757096,10.333333333333334,0.022798507851268413,16.0,0.0747109320137585,0.44044444444444447,0.4494814814814814,0.43078695994866917,0.44473066976333187,0.41666666666666674,0.4123333333333334,0.345,0.38499999999999984,0.43861111111111106,0.4378518518518518,0.4396824238706646,0.4382521575164602,0.45366666666666644,0.423,0.5369999999999995,0.5089999999999997,70.54166666666667,71.53703703703704,69.99150968325065,71.78382649672032,68.66666666666667,74.33333333333333,74.0,79.0,0.1111111111111111,0.6145404663923182,0.04008923603639201,0.15360502045851668,0.0,0.0,0.0,28.0,8.259259259259267,7.312278147737487,0.0,-12.0,0.1154543101216672,0.10186525997010723,0.0,-0.1518987341772152,6.361111111111114,0.09017523134475294,3.994166428914596,0.05706644201547237,-6.666666666666671,-0.09708737864077677,-26.0,-0.35135135135135137,Big East,9.153846153846153,5.0,12.0,60.0,72.03703703703704,70.40613393299472,69.66666666666667,70.0,71.79629629629629,70.8175098679349,66.66666666666667,69.5,0.48148148148148096,-0.8227518698804062,6.000000000000007,1.0,0.006706216146505023,-0.011617915843337719,0.0900000000000001,0.014388489208633094,1,0,0,2019-02-24,,Villanova,1,54.0,66.0,8.0,10.0,W,-0.025092485497204775,-0.019948535609269902,0.016619178565967896,-0.013524362103888576,0.05448806025635988,0.03783261584709818,0.016318569833284224,-0.05265479688649727,28,1.382716049382716,0.2848071601625995,3.1111111111111107,28.0,1.5428571428571445,1.5677870834498009,2.6666666666666714,-2.0,0.4398148148148148,0.4401248599388077,0.37699999999999995,0.4149999999999998,1,4.0,0.467925925925926,0.4643399171370862,0.49066666666666664,0.47399999999999987,0.43351428571428574,0.4282827002272336,0.4043333333333334,0.4129999999999998,0.021608643457382976,0.02220497288800807,0.03686635944700468,-0.025974025974025976,-0.1296296296296262,0.07823105572884158,-0.017956056842696494,2.722884315541319,2.130174465692861,2.4646545772471677,0.8459879152186836,1.6934111433717718,2.4683924537556945,2.136124644637188,2.3798301862289377,1.8953949843655198
2019-02-27,,Marquette,W,67.0,61.0,20.0,58.0,0.345,9.0,32.0,0.281,18.0,26.0,0.692,12.0,30.0,14.0,4.0,3.0,7.0,15.0,,23.0,48.0,0.479,9.0,22.0,0.409,6.0,10.0,0.6,4.0,29.0,12.0,1.0,2.0,17.0,20.0,3.0,6.0,1,29,64.0,1,0,0,1,73.72222222222223,74.89285714285714,71.98859289770795,73.9711457098498,65.33333333333333,64.0,61.0,54.0,67.36111111111111,67.35714285714286,67.99442646879335,67.98192275108288,72.0,74.0,87.0,66.0,10.555555555555555,0.11566018725233457,10.470819786523522,0.1245320635850598,10.0,0.15522563789611143,11.0,0.24203119345166701,7.611111111111111,0.014153262498444341,8.086487549391387,0.024913035049978105,10.333333333333334,0.05134050276097629,16.0,0.05011200153247508,0.44044444444444447,0.44553571428571426,0.43078695994866917,0.4374872202752093,0.41666666666666674,0.35233333333333333,0.345,0.33899999999999986,0.43861111111111106,0.44046428571428564,0.4396824238706646,0.4432360030135042,0.45366666666666644,0.4529999999999999,0.5369999999999995,0.5109999999999996,70.54166666666667,71.125,69.99150968325065,70.97653423046631,68.66666666666667,69.0,74.0,60.0,0.1111111111111111,0.3329081632653061,0.04008923603639201,6.7965909103264615e-06,0.0,12.888888888888888,0.0,29.0,7.535714285714278,5.989222958766916,-10.0,-12.0,0.10595028872709002,0.08438314188911288,-0.14492753623188406,-0.2,6.361111111111114,0.09017523134475294,3.994166428914596,0.05706644201547237,-6.666666666666671,-0.09708737864077677,-26.0,-0.35135135135135137,Big East,9.153846153846153,13.846153846153847,-6.0,64.0,78.92592592592592,78.92639546338715,82.33333333333333,76.0,73.77777777777777,73.85619081909684,74.5,67.0,10.29629629629629,10.140409288580656,15.666666666666657,18.0,0.13955823293172684,0.13729938108260348,0.21029082774049204,0.26865671641791045,0,1,0,2019-02-27,@,Villanova,0,67.0,61.0,9.0,9.0,L,0.04405423949160653,0.04453584233803726,0.06299385651959322,0.0812124800013746,-0.015629057192933393,-0.011674565073319931,0.001475637896111437,-0.003179534517681659,28,3.1111111111111107,1.3394388706333051,3.1111111111111107,28.0,7.82352941176471,5.526478471976731,3.666666666666657,-19.0,0.40566666666666656,0.40797103772385124,0.3953333333333336,0.3860000000000005,-1,4.0,0.470037037037037,0.4780886643914111,0.5213333333333333,0.549,0.4075294117647058,0.4122865609505769,0.4260000000000003,0.5360000000000007,0.10657051282051289,0.07536006380801835,0.04921700223713634,-0.2585034013605442,-1.3263888888888857,-0.04251658125381346,0.024970206560900543,2.6393661545077785,2.061910866910867,2.3980909132780397,1.7932630202697077,1.6872732335180154,2.4683924537556945,2.114936519573615,2.3798301862289377,1.4236991558584962
2019-03-02,,Butler,W,75.0,54.0,26.0,50.0,0.52,9.0,22.0,0.409,14.0,19.0,0.737,5.0,36.0,15.0,3.0,4.0,9.0,8.0,,23.0,61.0,0.377,5.0,26.0,0.192,3.0,5.0,0.6,6.0,23.0,12.0,7.0,0.0,6.0,17.0,3.0,21.0,1,30,64.5,1,0,0,1,73.72222222222223,74.62068965517241,71.98859289770795,73.50036781386812,65.33333333333333,64.66666666666667,61.0,67.0,67.36111111111111,67.13793103448276,67.99442646879335,67.51041705611267,72.0,70.66666666666667,87.0,61.0,10.555555555555555,0.11484902052088036,10.470819786523522,0.12237307826117394,10.0,0.11946532861776088,11.0,0.0894607125229771,7.611111111111111,0.017754528497035904,8.086487549391387,0.03127041914879691,10.333333333333334,0.08270205299045102,16.0,0.12909858871578356,0.44044444444444447,0.4420689655172414,0.43078695994866917,0.4312413403612613,0.41666666666666674,0.35633333333333334,0.345,0.3449999999999998,0.43861111111111106,0.44179310344827577,0.4396824238706646,0.44565123000114376,0.45366666666666644,0.49966666666666654,0.5369999999999995,0.47899999999999954,70.54166666666667,70.87931034482759,69.99150968325065,70.50539243499038,68.66666666666667,67.66666666666667,74.0,64.0,0.1111111111111111,0.5707491082045184,0.04008923603639201,0.13865381330238322,0.0,3.333333333333333,0.0,30.0,7.482758620689651,5.989950757755452,-6.0,6.0,0.10557042082218433,0.08495734228099638,-0.08866995073891625,0.09375,6.361111111111114,0.09017523134475294,3.994166428914596,0.05706644201547237,-6.666666666666671,-0.09708737864077677,-26.0,-0.35135135135135137,Big East,9.153846153846153,7.846153846153846,-21.0,64.5,73.07142857142857,72.56351722972933,75.66666666666667,67.0,71.41071428571429,72.15531688657391,76.16666666666667,70.0,3.3214285714285694,0.8164006863107858,-1.0,-6.0,0.04651162790697671,0.011314491038742776,-0.01312910284463895,-0.08571428571428572,0,1,0,2019-03-02,@,Villanova,0,75.0,54.0,5.0,9.0,L,0.055977104171771264,0.056250498100971325,0.030087972697873555,-0.04486764568597812,0.005984086436818026,0.00169775598944788,-0.026567840364758122,-0.10804491004909406,29,1.3316326530612244,0.559776585567287,3.222222222222222,29.0,1.1212121212121247,-2.795755489823563,-13.333333333333329,-4.0,0.45160714285714276,0.4570994986783157,0.4846666666666666,0.41400000000000003,-1,4.0,0.4502142857142856,0.44164317532664044,0.42599999999999993,0.317,0.45978787878787875,0.47204934817446614,0.5223333333333333,0.5000000000000002,0.01570791763956702,-0.038848953103212965,-0.17937219730941698,-0.05128205128205128,-0.2657019704433523,0.026215767506995388,0.03152534046127433,2.908151005862063,2.2252766415233247,3.0409193998849164,2.0223500872837734,1.6913750864065376,2.4683924537556945,2.311784550338825,2.3798301862289377,1.7215219648168651
2019-03-09,@,Seton Hall,L,75.0,79.0,23.0,47.0,0.489,13.0,27.0,0.481,16.0,18.0,0.889,7.0,28.0,11.0,2.0,4.0,12.0,21.0,,23.0,58.0,0.397,13.0,27.0,0.481,20.0,27.0,0.741,17.0,34.0,17.0,7.0,1.0,9.0,19.0,7.0,-4.0,0,31,77.0,0,1,0,-1,73.72222222222223,74.63333333333334,71.98859289770795,73.60029466469997,65.33333333333333,65.33333333333333,61.0,75.0,67.36111111111111,66.7,67.99442646879335,66.61016068503241,72.0,60.333333333333336,87.0,54.0,10.555555555555555,0.11255871069646867,10.470819786523522,0.11721953070636026,10.0,0.11504706646754004,11.0,0.04647563789611142,7.611111111111111,0.016310720354882013,8.086487549391387,0.027650192742430857,10.333333333333334,0.051116521874012,16.0,-0.035746584326110775,0.44044444444444447,0.44466666666666665,0.43078695994866917,0.43715570617961086,0.41666666666666674,0.4013333333333333,0.345,0.5199999999999998,0.43861111111111106,0.43963333333333326,0.4396824238706646,0.44107670747276156,0.45366666666666644,0.4556666666666665,0.5369999999999995,0.37699999999999956,70.54166666666667,70.66666666666667,69.99150968325065,70.10522767486619,68.66666666666667,62.833333333333336,74.0,64.5,0.1111111111111111,0.861111111111111,0.04008923603639201,0.5246092659507753,0.0,3.444444444444444,0.0,31.0,7.933333333333337,6.9901339796675614,4.999999999999993,21.0,0.11226415094339627,0.09970916879531985,0.07957559681697601,0.32558139534883723,6.361111111111114,0.09017523134475294,3.994166428914596,0.05706644201547237,-6.666666666666671,-0.09708737864077677,-26.0,-0.35135135135135137,Big East,9.153846153846153,6.166666666666667,4.0,77.0,73.62068965517241,73.1249769414124,71.33333333333333,73.0,72.56896551724138,72.61992491433118,72.16666666666667,68.5,2.103448275862064,1.0101040541624684,-1.6666666666666714,9.0,0.028985507246376743,0.013909461561053328,-0.02309468822170907,0.13138686131386862,1,0,0,2019-03-09,,Villanova,1,75.0,79.0,13.0,13.0,W,-0.03811452603831483,-0.03402448769836963,-0.11726267986089789,-0.14914080046005296,0.009040729506526068,0.00901239437453294,-0.03955175936416255,0.10835063789611143,30,0.3210463733650416,0.06247448381578109,3.333333333333333,30.0,1.911764705882348,0.7430655419802434,-5.333333333333329,-16.0,0.4313103448275862,0.42985208556484755,0.40700000000000003,0.3869999999999999,1,3.0,0.44717241379310346,0.44107043511345106,0.4013333333333335,0.4330000000000003,0.43170588235294116,0.43100988739254154,0.41733333333333333,0.4809999999999999,0.026257321753181104,0.010164055410181054,-0.06986899563318771,-0.21052631578947367,-0.9511494252873547,0.03190004478069108,-0.024933418852412164,2.7626862985131404,2.2206490683131372,2.9512132416585635,2.145262323608636,1.6841463599263233,2.4683924537556945,2.2720988027012683,2.3798301862289377,1.815190919350476
2019-03-14,N,Providence,W,73.0,62.0,22.0,60.0,0.367,10.0,31.0,0.323,19.0,25.0,0.76,12.0,36.0,14.0,11.0,4.0,12.0,18.0,,20.0,49.0,0.408,5.0,20.0,0.25,17.0,21.0,0.81,5.0,29.0,11.0,9.0,3.0,18.0,18.0,5.0,11.0,1,32,67.5,0,0,1,0,73.72222222222223,74.64516129032258,71.98859289770795,73.69240421057835,65.33333333333333,72.33333333333333,61.0,75.0,67.36111111111111,67.09677419354838,67.99442646879335,67.42549120069631,72.0,64.66666666666667,87.0,79.0,10.555555555555555,0.11560269061866979,10.470819786523522,0.12319737367681038,10.0,0.11504706646754004,11.0,0.20647563789611145,7.611111111111111,0.02253333020380377,8.086487549391387,0.0394081097630683,10.333333333333334,0.10400141109198768,16.0,0.18014652397206082,0.44044444444444447,0.44609677419354843,0.43078695994866917,0.4405673916535091,0.41666666666666674,0.45133333333333336,0.345,0.4889999999999999,0.43861111111111106,0.438258064516129,0.4396824238706646,0.43817617876379605,0.45366666666666644,0.4176666666666666,0.5369999999999995,0.3969999999999996,70.54166666666667,70.87096774193549,69.99150968325065,70.55894770563732,68.66666666666667,68.5,74.0,77.0,0.1111111111111111,0.5327783558792923,0.04008923603639201,0.09935443514095595,0.0,3.5555555555555554,0.0,32.0,7.548387096774192,6.266913009882032,7.666666666666657,-4.0,0.10650887573964495,0.08881811894398951,0.11192214111922127,-0.05194805194805195,6.361111111111114,0.09017523134475294,3.994166428914596,0.05706644201547237,-6.666666666666671,-0.09708737864077677,-26.0,-0.35135135135135137,Big East,9.153846153846153,7.769230769230769,-11.0,67.5,71.6875,71.11033533336018,77.66666666666667,80.0,70.484375,70.14368475748296,72.66666666666667,68.5,2.40625,1.9333011517544776,10.0,23.0,0.03413877189093328,0.02756201300856571,0.13761467889908255,0.3357664233576642,0,0,1,2019-03-14,N,Villanova,0,73.0,62.0,5.0,10.0,L,-0.029740578320104794,-0.027576373065970883,0.021239586393965504,0.09897563789611141,-0.007705688220262019,-0.012399741569918354,0.026377115728623723,0.05489669052769036,33,1.16015625,0.2631087103987576,0.0,0.0,1.5882352941176379,0.206772454898001,0.0,-12.0,0.433875,0.43694405700815603,0.43466666666666676,0.4339999999999999,0,1.0,0.42496874999999984,0.425192390651455,0.5063333333333334,0.5579999999999997,0.43411764705882355,0.4373477238135776,0.4366666666666668,0.5089999999999999,0.02249062890462294,0.0029330207537442885,0.0,-0.15384615384615385,0.19329637096774377,-0.02984624417461732,-0.02588733805818993,2.6527175185263006,2.181294132267434,2.111894351520628,0.1644365923286945,1.6405554563219549,2.4683924537556945,2.2604751221587227,2.3798301862289377,1.6130819463884363
2019-03-15,N,Xavier,W (1 OT),71.0,67.0,25.0,61.0,0.41,9.0,29.0,0.31,12.0,17.0,0.706,10.0,32.0,14.0,3.0,1.0,11.0,12.0,,27.0,62.0,0.435,5.0,24.0,0.208,8.0,13.0,0.615,10.0,32.0,22.0,5.0,4.0,11.0,18.0,1.0,4.0,1,33,69.0,0,0,1,0,73.72222222222223,74.59375,71.98859289770795,73.64736886388512,65.33333333333333,74.33333333333333,61.0,73.0,67.36111111111111,66.9375,67.99442646879335,67.07260646448091,72.0,65.0,87.0,62.0,10.555555555555555,0.11504706646753998,10.470819786523522,0.12153643717144486,10.0,0.11696891143871235,11.0,0.09743454200570045,7.611111111111111,0.01980897122944475,8.086487549391387,0.032734642871758535,10.333333333333334,0.0403217917422653,16.0,-0.07158887823292082,0.44044444444444447,0.44362500000000005,0.43078695994866917,0.43578242221251695,0.41666666666666674,0.4586666666666667,0.345,0.3669999999999999,0.43861111111111106,0.43731249999999994,0.4396824238706646,0.43621346009204076,0.45366666666666644,0.39399999999999985,0.5369999999999995,0.4079999999999995,70.54166666666667,70.765625,69.99150968325065,70.35998766418302,68.66666666666667,69.66666666666667,74.0,67.5,0.1111111111111111,0.515625,0.04008923603639201,0.08956440289278042,0.0,0.0,0.0,0.0,7.65625,6.574762399404207,9.333333333333329,11.0,0.10819165378670788,0.09344462126378557,0.13397129186602863,0.16296296296296298,6.361111111111114,0.09017523134475294,3.994166428914596,0.05706644201547237,-6.666666666666671,-0.09708737864077677,-26.0,-0.35135135135135137,Big East,9.153846153846153,5.0,-4.0,69.0,72.03125,70.84393879347608,70.0,63.0,71.3125,70.18603516446629,68.33333333333333,62.0,1.4375,1.315807258019575,3.3333333333333286,2.0,0.020157756354075372,0.01874742254547156,0.04878048780487798,0.03225806451612903,0,0,1,2019-03-15,N,Villanova,0,71.0,67.0,5.0,9.0,L (1 OT),-0.019381195075688973,-0.011249983356600879,0.0007613521818257141,-0.1230481716276981,0.06363367242466389,0.059376451371876804,0.07647563789611139,0.17827891658463602,33,1.16015625,0.16806271461039582,0.0,0.0,1.5428571428571445,1.5677870834498009,2.6666666666666714,-2.0,0.43625,0.43360495544095357,0.42366666666666664,0.39999999999999986,0,1.0,0.47025000000000006,0.4693071068405207,0.46433333333333326,0.43299999999999994,0.43351428571428574,0.4282827002272336,0.4043333333333334,0.4129999999999998,0.021608643457382976,0.02220497288800807,0.03686635944700468,-0.025974025974025976,-0.2734375,0.08556206718525432,-0.019593915781348534,2.560194416392492,2.163061088429553,2.3177368332764514,0.4953677324714576,1.664875338738977,2.4683924537556945,2.2394676275324388,2.3798301862289377,1.9031545985215987
2019-03-16,N,Seton Hall,W,74.0,72.0,22.0,53.0,0.415,11.0,31.0,0.355,19.0,26.0,0.731,9.0,38.0,17.0,3.0,5.0,14.0,18.0,,28.0,69.0,0.406,7.0,25.0,0.28,9.0,11.0,0.818,10.0,33.0,12.0,6.0,4.0,7.0,20.0,1.0,2.0,1,34,73.0,0,0,1,0,73.72222222222223,74.48484848484848,71.98859289770795,73.47705017925732,65.33333333333333,73.0,61.0,71.0,67.36111111111111,66.93939393939394,67.99442646879335,67.06793532186283,72.0,69.33333333333333,87.0,67.0,10.555555555555555,0.1136522042101879,10.470819786523522,0.1181310269227156,10.0,0.12483180227967305,11.0,0.0667573280369565,7.611111111111111,0.016489218701905894,8.086487549391387,0.02486939339350469,10.333333333333334,0.018206407126880708,16.0,-0.08964376508896318,0.44044444444444447,0.44260606060606067,0.43078695994866917,0.4341237080462899,0.41666666666666674,0.422,0.345,0.4099999999999999,0.43861111111111106,0.4372424242424242,0.4396824238706646,0.4361353920413267,0.45366666666666644,0.41333333333333316,0.5369999999999995,0.43499999999999955,70.54166666666667,70.71212121212122,69.99150968325065,70.27249275056008,68.66666666666667,71.16666666666667,74.0,69.0,0.1111111111111111,0.49954086317722685,0.04008923603639201,0.08078693051418606,0.0,3.7777777777777777,0.0,0.0,7.545454545454547,6.409114857394485,3.6666666666666714,4.0,0.10670666380972789,0.09120374995297721,0.05152224824355978,0.057971014492753624,6.361111111111114,0.09017523134475294,3.994166428914596,0.05706644201547237,-6.666666666666671,-0.09708737864077677,-26.0,-0.35135135135135137,Big East,9.153846153846153,6.166666666666667,-2.0,73.0,74.0,73.99979108873622,77.66666666666667,81.0,72.703125,72.89553742922462,74.0,80.0,2.59375,2.2085073190232407,7.333333333333343,2.0,0.035675908016333545,0.030296879574658653,0.09909909909909922,0.025,0,0,1,2019-03-16,N,Villanova,0,74.0,72.0,7.0,11.0,L,-0.029740578320104794,-0.018730178137806697,0.04699065935533886,-0.05426510284462932,0.009451567874229572,0.00902014111170657,0.013489855905590153,-0.009726893749458176,33,0.515625,0.3094694907534314,3.6666666666666665,0.0,1.911764705882348,0.7430655419802434,-5.333333333333329,-16.0,0.4306875,0.4283643452067818,0.4246666666666667,0.3559999999999999,0,1.0,0.44340625,0.43463108826551256,0.4070000000000001,0.4140000000000003,0.43170588235294116,0.43100988739254154,0.41733333333333333,0.4809999999999999,0.026257321753181104,0.010164055410181054,-0.06986899563318771,-0.21052631578947367,-0.9955018939393909,0.03277486113087881,-0.022144952026169958,2.4518904044854586,2.0666041179806465,2.941698038998424,1.9329801649276988,1.697279767896819,2.4683924537556945,2.2183582189059146,2.3798301862289377,1.7671541155315018
2019-03-21,N,Saint Mary's,W,61.0,57.0,24.0,49.0,0.49,8.0,20.0,0.4,5.0,9.0,0.556,3.0,25.0,11.0,3.0,3.0,7.0,7.0,,23.0,55.0,0.418,8.0,22.0,0.364,3.0,6.0,0.5,5.0,26.0,9.0,3.0,3.0,6.0,13.0,5.0,4.0,1,35,59.0,0,0,1,0,73.72222222222223,74.47058823529412,71.98859289770795,73.51035182219715,65.33333333333333,72.66666666666667,61.0,74.0,67.36111111111111,67.08823529411765,67.99442646879335,67.38201107129946,72.0,67.0,87.0,72.0,10.555555555555555,0.11420075637952376,10.470819786523522,0.11904711665189283,10.0,0.09931967459335911,11.0,0.13242158384205738,7.611111111111111,0.015278794406413887,8.086487549391387,0.021689863636263906,10.333333333333334,-0.059793018820306465,16.0,-0.02185769543722188,0.44044444444444447,0.44179411764705884,0.43078695994866917,0.4329059030642769,0.41666666666666674,0.39733333333333337,0.345,0.415,0.43861111111111106,0.43632352941176467,0.4396824238706646,0.43421635884577636,0.45366666666666644,0.41633333333333317,0.5369999999999995,0.40599999999999953,70.54166666666667,70.77941176470588,69.99150968325065,70.4461814467483,68.66666666666667,69.83333333333333,74.0,73.0,0.1111111111111111,0.4844290657439447,0.04008923603639201,0.07290855370322179,0.0,0.0,0.0,0.0,7.382352941176464,6.128340750897692,5.666666666666671,2.0,0.10430085185954696,0.08699322837718648,0.08114558472553707,0.0273972602739726,6.361111111111114,0.09017523134475294,3.994166428914596,0.05706644201547237,-6.666666666666671,-0.09708737864077677,-26.0,-0.35135135135135137,Big East,9.153846153846153,11.4,-4.0,59.0,72.9090909090909,69.85072498274526,61.333333333333336,60.0,68.63636363636364,66.03466136369315,60.333333333333336,53.5,8.545454545454547,7.632127238104154,2.0,13.0,0.12450331125827815,0.11557759335009496,0.03314917127071823,0.24299065420560748,0,0,1,2019-03-21,N,Villanova,0,61.0,57.0,8.0,8.0,L,-0.008038077814611744,-0.01331527459898274,-0.08526349253867119,-0.11352436210388855,-0.06211193272535753,-0.060164565189459396,-0.1281311036769223,-0.18586478763580347,34,1.5298438934802574,0.5380457070958429,3.7777777777777777,0.0,8.17647058823529,6.863467472156287,5.333333333333336,-4.0,0.4352424242424244,0.42741962889935853,0.4513333333333334,0.3750000000000005,0,9.0,0.47593939393939405,0.4672206423571205,0.4619999999999999,0.45099999999999973,0.4368529411764707,0.431554987154861,0.43866666666666676,0.49000000000000044,0.11962134251290871,0.10467420800248388,0.08988764044943824,-0.06779661016949153,1.071524064171122,-0.08422131379543972,-0.011082063812855866,2.351855092994588,1.8468399563750582,2.9627850271715306,1.448830522980831,1.7702577893388352,2.4683924537556945,2.2093407626405157,2.3798301862289377,0.8208575146997665
2019-03-23,N,Purdue,L,61.0,87.0,20.0,58.0,0.345,11.0,38.0,0.289,10.0,11.0,0.909,8.0,22.0,7.0,7.0,0.0,9.0,15.0,,29.0,54.0,0.537,16.0,30.0,0.533,13.0,16.0,0.813,11.0,37.0,19.0,3.0,2.0,11.0,13.0,2.0,-26.0,0,36,74.0,0,0,1,0,73.72222222222223,74.08571428571429,71.98859289770795,72.721283699373,65.33333333333333,68.66666666666667,61.0,61.0,67.36111111111111,66.8,67.99442646879335,66.72718424439643,72.0,65.33333333333333,87.0,57.0,10.555555555555555,0.11339426496899996,10.470819786523522,0.11697692562146644,10.0,0.09424262818737356,11.0,0.0799182608469311,7.611111111111111,0.017527819247693976,8.086487549391387,0.026314724543442358,10.333333333333334,-0.007401913124296722,16.0,0.10752826947505878,0.44044444444444447,0.4431714285714286,0.43078695994866917,0.43650701137311576,0.41666666666666674,0.4383333333333334,0.345,0.49000000000000005,0.43861111111111106,0.43579999999999997,0.4396824238706646,0.43319354094142487,0.45366666666666644,0.41966666666666647,0.5369999999999995,0.4179999999999995,70.54166666666667,70.44285714285714,69.99150968325065,69.72423397188471,68.66666666666667,67.0,74.0,59.0,0.1111111111111111,0.47020408163265304,0.04008923603639201,0.06583005959425832,0.0,0.0,0.0,0.0,7.285714285714292,5.994099454976578,3.333333333333343,4.0,0.10342729669438258,0.08596866704040967,0.04975124378109467,0.06779661016949153,6.361111111111114,0.09017523134475294,3.994166428914596,0.05706644201547237,-6.666666666666671,-0.09708737864077677,-26.0,-0.35135135135135137,Big East,8.785714285714286,13.0,26.0,74.0,75.72727272727273,73.81295281657631,68.0,61.0,70.98484848484848,69.21812856059827,64.0,54.5,9.484848484848484,9.189648511956122,8.0,13.0,0.1336179295624333,0.13276360836469128,0.125,0.23853211009174313,0,0,1,2019-03-23,N,Villanova,1,61.0,87.0,16.0,11.0,W,0.07062929936069728,0.055232683855097275,0.010005049660817333,0.12909858871578356,0.04740884924103367,0.027852422305286728,0.053142304562778075,0.061475637896111435,34,0.2809917355371901,0.007721974467893942,3.7777777777777777,0.0,9.416666666666671,8.995200656896557,8.666666666666671,-5.0,0.4184242424242425,0.40616440871625087,0.3883333333333336,0.26900000000000013,0,2.0,0.4475454545454546,0.4410126902428326,0.409,0.37699999999999984,0.41855555555555557,0.40884407782888116,0.4200000000000002,0.41500000000000004,0.13086276780544304,0.12560237360593296,0.1048387096774194,-0.06451612903225806,-0.27099567099567423,0.07332047198915964,0.03518490575212004,2.4683924537556945,2.3705650735367447,3.7500576240188512,2.7486627382396964,1.806582048790182,2.4683924537556945,2.3798301862289377,2.3798301862289377,2.3168870441915876
